5.5906 2.0098 
5.6670 2.0610 
5.7432 1.9386 
5.8192 2.1298 
5.8950 2.1079 
5.9706 2.0357 
6.0460 2.1071 
6.1212 2.1965 
6.1962 2.3147 
6.2709 2.3527 
6.3455 2.2282 
6.4198 2.4282 
6.4939 2.4633 
6.5678 2.4072 
6.6415 2.5089 
6.7149 2.4164 
6.7881 2.5119 
6.8611 2.6507 
6.9338 2.6664 
7.0063 2.7407 
7.0786 2.7212 
7.1506 2.6389 
7.2224 2.8437 
7.2939 2.9032 
7.3652 2.8951 
7.4362 2.9543 
7.5069 2.9952 
7.5774 2.9692 
7.6477 3.0664 
7.7177 3.0146 
7.7874 3.1670 
7.8568 3.0780 
7.9260 3.1733 
7.9949 3.1738 
8.0635 3.2310 
8.1319 3.4237 
8.2000 3.4458 
8.2678 3.4185 
8.3353 3.5938 
8.4025 3.4597 
8.4694 3.5900 
8.5361 3.6284 
8.6024 3.7554 
8.6685 3.8119 
8.7342 3.7413 
8.7997 3.8532 
8.8649 3.8961 
8.9297 3.9884 
8.9943 4.0535 
9.0585 4.1155 
9.1224 4.0730 
9.1860 4.2074 
9.2493 4.2565 
9.3123 4.2124 
9.3750 4.2584 
9.4373 4.3894 
9.4993 4.5372 
9.5610 4.4692 
9.6224 4.5744 
9.6834 4.5586 
9.7441 4.7210 
9.8045 4.6791 
9.8645 4.7869 
9.9242 4.8835 
9.9835 4.9802 
10.0425 5.0525 
10.1012 5.0291 
10.1595 5.0068 
10.2174 5.0686 
10.2751 5.1503 
10.3323 5.3273 
10.3892 5.2708 
10.4458 5.4438 
10.5020 5.3910 
10.5578 5.5899 
10.6132 5.5361 
10.6683 5.5677 
10.7231 5.6413 
10.7774 5.7773 
10.8314 5.8121 
10.8851 5.8514 
10.9383 6.0111 
10.9912 6.0263 
11.0437 6.0837 
11.0958 6.2221 
11.1475 6.1610 
11.1989 6.3208 
11.2499 6.3858 
11.3004 6.3773 
11.3506 6.4811 
11.4004 6.4494 
11.4499 6.5119 
11.4989 6.6745 
11.5475 6.7917 
11.5957 6.8905 
11.6436 6.7978 
11.6910 6.9539 
11.7380 7.0027 
11.7846 6.9801 
11.8309 7.1144 
11.8767 7.1488 
11.9221 7.3450 
11.9671 7.3184 
12.0117 7.4321 
12.0559 7.4300 
12.0996 7.5881 
12.1430 7.5913 
12.1859 7.7408 
12.2284 7.8194 
12.2705 7.9029 
12.3122 7.9154 
12.3534 7.9144 
12.3942 8.0159 
12.4346 8.2255 
12.4746 8.1463 
12.5141 8.3542 
12.5532 8.3702 
12.5919 8.5354 
12.6302 8.4257 
12.6680 8.5728 
12.7054 8.5799 
12.7423 8.8255 
12.7788 8.7088 
12.8149 8.9379 
12.8505 9.0216 
12.8857 9.1072 
12.9204 9.0260 
12.9547 9.1649 
12.9886 9.2129 
13.0220 9.3972 
13.0549 9.3998 
13.0875 9.5723 
13.1195 9.5033 
13.1511 9.5967 
13.1823 9.6502 
13.2130 9.7256 
13.2433 9.9498 
13.2731 9.9696 
13.3024 10.0415 
13.3313 10.0385 
13.3597 10.2583 
13.3877 10.2905 
13.4152 10.3148 
13.4422 10.4260 
13.4688 10.4825 
13.4950 10.4964 
13.5206 10.6083 
13.5458 10.6643 
13.5706 10.7559 
13.5948 10.8467 
13.6186 10.9619 
13.6420 10.9682 
13.6648 11.2188 
13.6872 11.3074 
13.7091 11.2969 
13.7306 11.3770 
13.7516 11.4272 
13.7721 11.6203 
13.7921 11.5949 
13.8117 11.6242 
13.8308 11.8390 
13.8494 11.8420 
13.8675 11.8936 
13.8852 12.0073 
13.9024 12.0273 
13.9191 12.1159 
13.9353 12.3595 
13.9511 12.4440 
13.9663 12.4496 
13.9811 12.4284 
13.9954 12.5454 
14.0093 12.6511 
14.0226 12.8269 
14.0355 12.7479 
14.0479 12.8357 
14.0598 12.9433 
14.0712 13.1217 
14.0822 13.2207 
14.0926 13.2865 
14.1026 13.3298 
14.1121 13.4316 
14.1211 13.4642 
14.1296 13.6367 
14.1376 13.6084 
14.1452 13.7908 
14.1522 13.7730 
14.1588 13.8930 
14.1649 14.0274 
14.1705 14.1413 
14.1756 14.0846 
14.1803 14.3373 
14.1844 14.3897 
14.1881 14.4150 
14.1912 14.4880 
14.1939 14.5734 
14.1961 14.6285 
14.1978 14.7521 
14.1990 14.8357 
14.1998 14.9803 
14.2000 15.0590 
14.2000 15.0289 
