5.5906 -0.0000 1.9468 
5.6132 -0.1767 1.9577 
5.6302 -0.3548 1.9687 
5.6415 -0.5342 1.9797 
5.6470 -0.7146 1.9908 
5.6468 -0.8959 2.0019 
5.6406 -1.0778 2.0130 
5.6286 -1.2603 2.0242 
5.6106 -1.4431 2.0355 
5.5866 -1.6259 2.0468 
5.5567 -1.8087 2.0581 
5.5207 -1.9912 2.0695 
5.4787 -2.1732 2.0810 
5.4307 -2.3545 2.0925 
5.3767 -2.5349 2.1040 
5.3166 -2.7142 2.1156 
5.2505 -2.8922 2.1273 
5.1785 -3.0688 2.1390 
5.1005 -3.2436 2.1507 
5.0166 -3.4166 2.1625 
4.9268 -3.5874 2.1743 
4.8312 -3.7560 2.1862 
4.7298 -3.9220 2.1982 
4.6227 -4.0854 2.2102 
4.5100 -4.2459 2.2222 
4.3917 -4.4033 2.2343 
4.2680 -4.5574 2.2464 
4.1389 -4.7081 2.2586 
4.0045 -4.8551 2.2708 
3.8649 -4.9983 2.2831 
3.7202 -5.1375 2.2954 
3.5706 -5.2724 2.3078 
3.4162 -5.4030 2.3202 
3.2570 -5.5291 2.3327 
3.0933 -5.6505 2.3452 
2.9251 -5.7669 2.3578 
2.7526 -5.8784 2.3704 
2.5760 -5.9847 2.3830 
2.3954 -6.0856 2.3957 
2.2110 -6.1811 2.4085 
2.0230 -6.2709 2.4213 
1.8315 -6.3549 2.4342 
1.6366 -6.4331 2.4471 
1.4387 -6.5053 2.4600 
1.2378 -6.5713 2.4730 
1.0342 -6.6311 2.4860 
0.8281 -6.6845 2.4991 
0.6196 -6.7315 2.5123 
0.4089 -6.7719 2.5254 
0.1964 -6.8057 2.5387 
-0.0179 -6.8327 2.5520 
-0.2337 -6.8530 2.5653 
-0.4508 -6.8664 2.5787 
-0.6690 -6.8728 2.5921 
-0.8880 -6.8723 2.6055 
-1.1076 -6.8648 2.6191 
-1.3276 -6.8502 2.6326 
-1.5478 -6.8285 2.6462 
-1.7679 -6.7997 2.6599 
-1.9878 -6.7637 2.6736 
-2.2071 -6.7206 2.6873 
-2.4256 -6.6704 2.7011 
-2.6432 -6.6130 2.7150 
-2.8595 -6.5484 2.7289 
-3.0744 -6.4768 2.7428 
-3.2875 -6.3981 2.7568 
-3.4987 -6.3123 2.7708 
-3.7078 -6.2195 2.7849 
-3.9144 -6.1198 2.7990 
-4.1185 -6.0132 2.8132 
-4.3196 -5.8998 2.8274 
-4.5177 -5.7796 2.8416 
-4.7125 -5.6528 2.8559 
-4.9037 -5.5194 2.8703 
-5.0911 -5.3795 2.8847 
-5.2746 -5.2333 2.8991 
-5.4539 -5.0808 2.9136 
-5.6287 -4.9221 2.9281 
-5.7990 -4.7575 2.9427 
-5.9644 -4.5870 2.9573 
-6.1248 -4.4108 2.9720 
-6.2799 -4.2289 2.9867 
-6.4297 -4.0417 3.0015 
-6.5738 -3.8492 3.0163 
-6.7121 -3.6516 3.0312 
-6.8445 -3.4491 3.0461 
-6.9707 -3.2418 3.0610 
-7.0906 -3.0300 3.0760 
-7.2040 -2.8139 3.0910 
-7.3108 -2.5936 3.1061 
-7.4109 -2.3693 3.1212 
-7.5040 -2.1413 3.1364 
-7.5900 -1.9098 3.1516 
-7.6689 -1.6750 3.1669 
-7.7404 -1.4370 3.1822 
-7.8045 -1.1963 3.1975 
-7.8611 -0.9529 3.2129 
-7.9100 -0.7071 3.2284 
-7.9512 -0.4592 3.2438 
-7.9846 -0.2094 3.2594 
-8.0101 0.0420 3.2749 
-8.0276 0.2948 3.2906 
-8.0370 0.5488 3.3062 
-8.0384 0.8037 3.3219 
-8.0317 1.0592 3.3377 
-8.0168 1.3150 3.3535 
-7.9937 1.5710 3.3693 
-7.9623 1.8268 3.3852 
-7.9228 2.0821 3.4011 
-7.8750 2.3368 3.4171 
-7.8189 2.5905 3.4331 
-7.7547 2.8430 3.4491 
-7.6823 3.0939 3.4652 
-7.6016 3.3432 3.4814 
-7.5129 3.5903 3.4976 
-7.4161 3.8352 3.5138 
-7.3113 4.0775 3.5301 
-7.1985 4.3170 3.5464 
-7.0779 4.5534 3.5628 
-6.9494 4.7865 3.5792 
-6.8133 5.0159 3.5956 
-6.6695 5.2415 3.6121 
-6.5183 5.4630 3.6287 
-6.3597 5.6801 3.6452 
-6.1938 5.8926 3.6619 
-6.0208 6.1003 3.6785 
-5.8409 6.3029 3.6952 
-5.6541 6.5001 3.7120 
-5.4607 6.6918 3.7288 
-5.2608 6.8777 3.7456 
-5.0545 7.0576 3.7625 
-4.8421 7.2313 3.7794 
-4.6238 7.3986 3.7964 
-4.3997 7.5593 3.8134 
-4.1700 7.7131 3.8304 
-3.9350 7.8599 3.8475 
-3.6948 7.9995 3.8647 
-3.4498 8.1318 3.8818 
-3.2000 8.2564 3.8990 
-2.9458 8.3734 3.9163 
-2.6874 8.4825 3.9336 
-2.4251 8.5836 3.9510 
-2.1590 8.6765 3.9683 
-1.8895 8.7611 3.9858 
-1.6167 8.8373 4.0032 
-1.3411 8.9049 4.0207 
-1.0627 8.9639 4.0383 
-0.7820 9.0142 4.0559 
-0.4992 9.0556 4.0735 
-0.2145 9.0880 4.0912 
0.0717 9.1115 4.1089 
0.3592 9.1259 4.1267 
0.6476 9.1312 4.1445 
0.9367 9.1273 4.1623 
1.2263 9.1142 4.1802 
1.5159 9.0919 4.1981 
1.8053 9.0603 4.2161 
2.0942 9.0194 4.2341 
2.3823 8.9693 4.2521 
2.6693 8.9099 4.2702 
2.9550 8.8413 4.2884 
3.2389 8.7635 4.3065 
3.5209 8.6765 4.3247 
3.8005 8.5805 4.3430 
4.0776 8.4753 4.3613 
4.3518 8.3612 4.3796 
4.6228 8.2381 4.3980 
4.8904 8.1063 4.4164 
5.1542 7.9657 4.4348 
5.4140 7.8165 4.4533 
5.6694 7.6587 4.4719 
5.9203 7.4926 4.4904 
6.1662 7.3183 4.5090 
6.4071 7.1358 4.5277 
6.6425 6.9454 4.5464 
6.8723 6.7472 4.5651 
7.0961 6.5414 4.5839 
7.3137 6.3282 4.6027 
7.5249 6.1077 4.6215 
7.7294 5.8801 4.6404 
7.9270 5.6457 4.6594 
8.1174 5.4047 4.6783 
8.3005 5.1572 4.6973 
8.4760 4.9035 4.7164 
8.6437 4.6439 4.7355 
8.8034 4.3785 4.7546 
8.9549 4.1077 4.7737 
9.0981 3.8316 4.7929 
9.2326 3.5506 4.8122 
9.3585 3.2648 4.8315 
9.4755 2.9747 4.8508 
9.5834 2.6804 4.8701 
9.6821 2.3823 4.8895 
9.7715 2.0806 4.9089 
9.8514 1.7756 4.9284 
9.9218 1.4676 4.9479 
9.9825 1.1570 4.9675 
10.0334 0.8439 4.9870 
10.0744 0.5289 5.0067 
10.1055 0.2120 5.0263 
10.1266 -0.1062 5.0460 
10.1375 -0.4256 5.0658 
10.1384 -0.7458 5.0855 
10.1291 -1.0664 5.1053 
10.1096 -1.3872 5.1252 
10.0799 -1.7078 5.1451 
10.0399 -2.0279 5.1650 
9.9898 -2.3471 5.1850 
9.9294 -2.6652 5.2049 
9.8589 -2.9818 5.2250 
9.7782 -3.2966 5.2451 
9.6874 -3.6093 5.2652 
9.5866 -3.9194 5.2853 
9.4758 -4.2268 5.3055 
9.3551 -4.5311 5.3257 
9.2245 -4.8319 5.3460 
9.0843 -5.1290 5.3662 
8.9344 -5.4220 5.3866 
8.7751 -5.7106 5.4069 
8.6064 -5.9945 5.4273 
8.4284 -6.2735 5.4478 
8.2414 -6.5471 5.4683 
8.0455 -6.8151 5.4888 
7.8408 -7.0773 5.5093 
7.6276 -7.3333 5.5299 
7.4059 -7.5828 5.5505 
7.1761 -7.8256 5.5712 
6.9383 -8.0614 5.5918 
6.6927 -8.2900 5.6126 
6.4396 -8.5110 5.6333 
6.1791 -8.7243 5.6541 
5.9116 -8.9295 5.6750 
5.6373 -9.1265 5.6958 
5.3564 -9.3151 5.7167 
5.0691 -9.4949 5.7377 
4.7759 -9.6658 5.7586 
4.4768 -9.8277 5.7796 
4.1723 -9.9802 5.8007 
3.8626 -10.1232 5.8218 
3.5480 -10.2566 5.8429 
3.2289 -10.3802 5.8640 
2.9054 -10.4938 5.8852 
2.5780 -10.5972 5.9064 
2.2469 -10.6904 5.9277 
1.9125 -10.7731 5.9489 
1.5752 -10.8454 5.9703 
1.2351 -10.9070 5.9916 
0.8928 -10.9580 6.0130 
0.5484 -10.9981 6.0344 
0.2024 -11.0273 6.0559 
-0.1448 -11.0456 6.0774 
-0.4931 -11.0529 6.0989 
-0.8419 -11.0492 6.1204 
-1.1910 -11.0344 6.1420 
-1.5400 -11.0085 6.1637 
-1.8885 -10.9716 6.1853 
-2.2362 -10.9235 6.2070 
-2.5827 -10.8644 6.2287 
-2.9277 -10.7942 6.2505 
-3.2709 -10.7130 6.2723 
-3.6118 -10.6208 6.2941 
-3.9501 -10.5178 6.3160 
-4.2855 -10.4039 6.3378 
-4.6176 -10.2793 6.3598 
-4.9461 -10.1440 6.3817 
-5.2706 -9.9982 6.4037 
-5.5909 -9.8420 6.4257 
-5.9064 -9.6754 6.4478 
-6.2170 -9.4987 6.4699 
-6.5223 -9.3120 6.4920 
-6.8220 -9.1154 6.5141 
-7.1157 -8.9091 6.5363 
-7.4032 -8.6934 6.5585 
-7.6841 -8.4683 6.5808 
-7.9581 -8.2341 6.6030 
-8.2249 -7.9910 6.6254 
-8.4843 -7.7392 6.6477 
-8.7359 -7.4790 6.6701 
-8.9795 -7.2106 6.6925 
-9.2149 -6.9342 6.7149 
-9.4416 -6.6501 6.7374 
-9.6596 -6.3586 6.7599 
-9.8686 -6.0599 6.7824 
-10.0682 -5.7544 6.8050 
-10.2583 -5.4422 6.8276 
-10.4388 -5.1237 6.8502 
-10.6092 -4.7993 6.8728 
-10.7696 -4.4692 6.8955 
-10.9196 -4.1337 6.9182 
-11.0591 -3.7932 6.9410 
-11.1880 -3.4480 6.9638 
-11.3060 -3.0984 6.9866 
-11.4130 -2.7448 7.0094 
-11.5089 -2.3875 7.0323 
-11.5936 -2.0269 7.0552 
-11.6669 -1.6633 7.0781 
-11.7288 -1.2970 7.1011 
-11.7791 -0.9286 7.1240 
-11.8178 -0.5582 7.1471 
-11.8447 -0.1864 7.1701 
-11.8600 0.1866 7.1932 
-11.8634 0.5604 7.2163 
-11.8550 0.9346 7.2394 
-11.8347 1.3088 7.2626 
-11.8025 1.6826 7.2858 
-11.7585 2.0557 7.3090 
-11.7027 2.4277 7.3323 
-11.6350 2.7982 7.3555 
-11.5555 3.1668 7.3789 
-11.4643 3.5331 7.4022 
-11.3614 3.8969 7.4256 
-11.2470 4.2576 7.4490 
-11.1210 4.6150 7.4724 
-10.9836 4.9687 7.4958 
-10.8350 5.3182 7.5193 
-10.6751 5.6633 7.5428 
-10.5042 6.0036 7.5664 
-10.3224 6.3386 7.5899 
-10.1299 6.6682 7.6135 
-9.9268 6.9919 7.6372 
-9.7134 7.3094 7.6608 
-9.4897 7.6203 7.6845 
-9.2561 7.9243 7.7082 
-9.0126 8.2212 7.7319 
-8.7596 8.5105 7.7557 
-8.4973 8.7920 7.7795 
-8.2259 9.0654 7.8033 
-7.9457 9.3304 7.8272 
-7.6569 9.5867 7.8510 
-7.3598 9.8340 7.8749 
-7.0547 10.0720 7.8989 
-6.7418 10.3005 7.9228 
-6.4216 10.5193 7.9468 
-6.0942 10.7280 7.9708 
-5.7600 10.9266 7.9948 
-5.4194 11.1146 8.0189 
-5.0725 11.2920 8.0430 
-4.7199 11.4585 8.0671 
-4.3618 11.6140 8.0912 
-3.9985 11.7581 8.1154 
-3.6305 11.8909 8.1396 
-3.2581 12.0121 8.1638 
-2.8816 12.1216 8.1880 
-2.5014 12.2193 8.2123 
-2.1180 12.3049 8.2366 
-1.7316 12.3785 8.2609 
-1.3427 12.4398 8.2853 
-0.9516 12.4889 8.3096 
-0.5588 12.5257 8.3340 
-0.1646 12.5500 8.3585 
0.2306 12.5619 8.3829 
0.6264 12.5613 8.4074 
1.0223 12.5481 8.4319 
1.4181 12.5224 8.4564 
1.8132 12.4842 8.4810 
2.2073 12.4334 8.5055 
2.6000 12.3702 8.5301 
2.9909 12.2944 8.5547 
3.3796 12.2063 8.5794 
3.7656 12.1059 8.6041 
4.1487 11.9931 8.6287 
4.5284 11.8682 8.6535 
4.9044 11.7313 8.6782 
5.2761 11.5823 8.7030 
5.6433 11.4215 8.7278 
6.0057 11.2491 8.7526 
6.3627 11.0651 8.7774 
6.7140 10.8697 8.8023 
7.0593 10.6631 8.8272 
7.3983 10.4455 8.8521 
7.7305 10.2171 8.8770 
8.0556 9.9781 8.9020 
8.3732 9.7287 8.9269 
8.6832 9.4691 8.9519 
8.9850 9.1996 8.9770 
9.2784 8.9205 9.0020 
9.5632 8.6319 9.0271 
9.8389 8.3343 9.0522 
10.1053 8.0278 9.0773 
10.3621 7.7127 9.1024 
10.6090 7.3894 9.1276 
10.8458 7.0582 9.1528 
11.0722 6.7193 9.1780 
11.2880 6.3732 9.2032 
11.4929 6.0201 9.2284 
11.6867 5.6604 9.2537 
11.8692 5.2945 9.2790 
12.0402 4.9226 9.3043 
12.1995 4.5452 9.3296 
12.3469 4.1626 9.3550 
12.4823 3.7753 9.3804 
12.6054 3.3835 9.4058 
12.7162 2.9877 9.4312 
12.8145 2.5883 9.4566 
12.9002 2.1856 9.4821 
12.9732 1.7801 9.5076 
13.0334 1.3722 9.5331 
13.0807 0.9622 9.5586 
13.1151 0.5506 9.5841 
13.1364 0.1378 9.6097 
13.1447 -0.2758 9.6353 
13.1399 -0.6898 9.6609 
13.1221 -1.1037 9.6865 
13.0911 -1.5172 9.7122 
13.0470 -1.9299 9.7378 
12.9899 -2.3412 9.7635 
12.9198 -2.7509 9.7892 
12.8366 -3.1585 9.8150 
12.7406 -3.5635 9.8407 
12.6317 -3.9656 9.8665 
12.5101 -4.3643 9.8923 
12.3759 -4.7593 9.9181 
12.2291 -5.1502 9.9439 
12.0699 -5.5365 9.9697 
11.8985 -5.9179 9.9956 
11.7150 -6.2939 10.0215 
11.5195 -6.6642 10.0474 
11.3123 -7.0284 10.0733 
11.0935 -7.3862 10.0992 
10.8634 -7.7371 10.1252 
10.6221 -8.0808 10.1511 
10.3699 -8.4169 10.1771 
10.1070 -8.7452 10.2032 
9.8337 -9.0651 10.2292 
9.5503 -9.3765 10.2552 
9.2569 -9.6790 10.2813 
8.9539 -9.9723 10.3074 
8.6416 -10.2561 10.3335 
8.3202 -10.5300 10.3596 
7.9902 -10.7938 10.3857 
7.6517 -11.0472 10.4119 
7.3052 -11.2900 10.4381 
6.9509 -11.5218 10.4642 
6.5893 -11.7425 10.4904 
6.2206 -11.9517 10.5167 
5.8452 -12.1494 10.5429 
5.4636 -12.3352 10.5692 
5.0760 -12.5090 10.5954 
4.6829 -12.6705 10.6217 
4.2846 -12.8196 10.6480 
3.8816 -12.9562 10.6744 
3.4742 -13.0800 10.7007 
3.0628 -13.1910 10.7270 
2.6479 -13.2889 10.7534 
2.2298 -13.3738 10.7798 
1.8090 -13.4454 10.8062 
1.3859 -13.5038 10.8326 
0.9609 -13.5488 10.8591 
0.5345 -13.5803 10.8855 
0.1070 -13.5984 10.9120 
-0.3211 -13.6030 10.9385 
-0.7494 -13.5940 10.9650 
-1.1774 -13.5715 10.9915 
-1.6047 -13.5355 11.0180 
-2.0310 -13.4859 11.0445 
-2.4556 -13.4229 11.0711 
-2.8784 -13.3464 11.0977 
-3.2987 -13.2566 11.1243 
-3.7162 -13.1535 11.1509 
-4.1304 -13.0372 11.1775 
-4.5411 -12.9078 11.2041 
-4.9476 -12.7654 11.2308 
-5.3496 -12.6101 11.2574 
-5.7468 -12.4421 11.2841 
-6.1386 -12.2616 11.3108 
-6.5248 -12.0687 11.3375 
-6.9048 -11.8636 11.3642 
-7.2784 -11.6464 11.3909 
-7.6452 -11.4175 11.4177 
-8.0046 -11.1769 11.4444 
-8.3565 -10.9250 11.4712 
-8.7005 -10.6620 11.4980 
-9.0361 -10.3881 11.5248 
-9.3630 -10.1036 11.5516 
-9.6810 -9.8087 11.5784 
-9.9896 -9.5039 11.6053 
-10.2886 -9.1892 11.6321 
-10.5776 -8.8652 11.6590 
-10.8564 -8.5320 11.6858 
-11.1246 -8.1900 11.7127 
-11.3821 -7.8395 11.7396 
-11.6284 -7.4810 11.7665 
-11.8634 -7.1146 11.7935 
-12.0868 -6.7409 11.8204 
-12.2984 -6.3601 11.8474 
-12.4979 -5.9726 11.8743 
-12.6852 -5.5789 11.9013 
-12.8600 -5.1792 11.9283 
-13.0222 -4.7741 11.9553 
-13.1716 -4.3639 11.9823 
-13.3079 -3.9490 12.0093 
-13.4312 -3.5298 12.0363 
-13.5412 -3.1067 12.0634 
-13.6378 -2.6802 12.0904 
-13.7210 -2.2507 12.1175 
-13.7905 -1.8186 12.1446 
-13.8464 -1.3844 12.1716 
-13.8886 -0.9484 12.1987 
-13.9170 -0.5112 12.2258 
-13.9316 -0.0731 12.2530 
-13.9323 0.3654 12.2801 
-13.9191 0.8039 12.3072 
-13.8922 1.2419 12.3344 
-13.8513 1.6790 12.3615 
-13.7967 2.1148 12.3887 
-13.7283 2.5487 12.4159 
-13.6462 2.9805 12.4431 
-13.5505 3.4096 12.4703 
-13.4412 3.8356 12.4975 
-13.3185 4.2580 12.5247 
-13.1824 4.6766 12.5519 
-13.0332 5.0907 12.5792 
-12.8709 5.5001 12.6064 
-12.6956 5.9043 12.6336 
-12.5077 6.3029 12.6609 
-12.3072 6.6955 12.6882 
-12.0943 7.0816 12.7155 
-11.8692 7.4610 12.7428 
-11.6322 7.8332 12.7700 
-11.3835 8.1978 12.7974 
-11.1233 8.5545 12.8247 
-10.8519 8.9029 12.8520 
-10.5695 9.2427 12.8793 
-10.2765 9.5735 12.9067 
-9.9731 9.8949 12.9340 
-9.6596 10.2067 12.9614 
-9.3363 10.5085 12.9887 
-9.0035 10.8001 13.0161 
-8.6616 11.0810 13.0435 
-8.3109 11.3511 13.0709 
-7.9517 11.6100 13.0982 
-7.5845 11.8576 13.1256 
-7.2095 12.0935 13.1531 
-6.8272 12.3174 13.1805 
-6.4379 12.5293 13.2079 
-6.0420 12.7287 13.2353 
-5.6398 12.9157 13.2627 
-5.2319 13.0898 13.2902 
-4.8186 13.2511 13.3176 
-4.4003 13.3992 13.3451 
-3.9775 13.5341 13.3725 
-3.5505 13.6556 13.4000 
-3.1197 13.7635 13.4275 
-2.6857 13.8578 13.4550 
-2.2489 13.9384 13.4824 
-1.8096 14.0052 13.5099 
-1.3683 14.0580 13.5374 
-0.9255 14.0970 13.5649 
-0.4816 14.1219 13.5924 
-0.0371 14.1327 13.6199 
0.4077 14.1296 13.6475 
0.8522 14.1123 13.6750 
1.2960 14.0811 13.7025 
1.7387 14.0358 13.7300 
2.1799 13.9766 13.7576 
2.6190 13.9034 13.7851 
3.0556 13.8164 13.8127 
3.4894 13.7156 13.8402 
3.9198 13.6012 13.8678 
4.3465 13.4732 13.8953 
4.7690 13.3318 13.9229 
5.1868 13.1771 13.9505 
5.5996 13.0092 13.9780 
6.0070 12.8284 14.0056 
6.4085 12.6347 14.0332 
6.8038 12.4285 14.0608 
7.1924 12.2098 14.0884 
7.5739 11.9789 14.1159 
7.9480 11.7361 14.1435 
8.3143 11.4815 14.1711 
8.6724 11.2155 14.1987 
9.0219 10.9383 14.2263 
9.3626 10.6501 14.2539 
9.6940 10.3513 14.2815 
10.0159 10.0422 14.3092 
10.3278 9.7230 14.3368 
10.6296 9.3940 14.3644 
10.9208 9.0557 14.3920 
11.2012 8.7084 14.4196 
11.4706 8.3523 14.4472 
11.7286 7.9878 14.4749 
11.9749 7.6154 14.5025 
12.2094 7.2353 14.5301 
12.4318 6.8480 14.5578 
12.6418 6.4539 14.5854 
12.8393 6.0532 14.6130 
13.0241 5.6466 14.6407 
13.1959 5.2342 14.6683 
13.3547 4.8167 14.6959 
13.5001 4.3943 14.7236 
13.6322 3.9675 14.7512 
13.7507 3.5367 14.7789 
13.8556 3.1024 14.8065 
13.9467 2.6650 14.8341 
14.0239 2.2249 14.8618 
14.0872 1.7826 14.8894 
14.1365 1.3385 14.9171 
14.1718 0.8931 14.9447 
14.1929 0.4468 14.9724 
14.2000 0.0000 15.0000 
