3.570 0.000
3.510 0.110
3.579 0.221
3.524 0.331
3.489 0.441
3.520 0.550
3.513 0.659
3.513 0.767
3.289 0.875
3.433 0.981
3.349 1.087
3.389 1.191
3.257 1.295
3.205 1.397
3.224 1.497
3.060 1.596
3.062 1.694
3.088 1.790
2.965 1.884
2.958 1.976
2.873 2.066
2.776 2.154
2.638 2.240
2.650 2.324
2.459 2.406
2.490 2.485
2.418 2.561
2.349 2.635
2.297 2.707
2.229 2.775
2.098 2.841
1.969 2.904
1.946 2.965
1.782 3.022
1.573 3.076
1.496 3.127
1.545 3.175
1.368 3.220
1.338 3.262
1.107 3.300
1.071 3.335
0.981 3.367
0.754 3.396
0.763 3.421
0.604 3.442
0.433 3.461
0.411 3.475
0.242 3.487
0.118 3.495
0.024 3.499
-0.098 3.500
-0.200 3.497
-0.340 3.491
-0.331 3.482
-0.512 3.469
-0.570 3.452
-0.647 3.432
-0.794 3.409
-0.894 3.382
-1.019 3.352
-1.188 3.318
-1.219 3.282
-1.250 3.241
-1.347 3.198
-1.568 3.152
-1.679 3.102
-1.705 3.049
-1.785 2.994
-1.924 2.935
-2.058 2.873
-1.999 2.809
-2.260 2.741
-2.340 2.671
-2.416 2.599
-2.492 2.523
-2.480 2.445
-2.565 2.365
-2.743 2.283
-2.638 2.198
-2.746 2.111
-2.810 2.021
-3.007 1.930
-2.907 1.837
-2.949 1.742
-2.992 1.645
-3.068 1.547
-3.130 1.447
-3.228 1.346
-3.336 1.243
-3.330 1.139
-3.417 1.034
-3.469 0.928
-3.314 0.821
-3.466 0.713
-3.488 0.605
-3.498 0.496
-3.485 0.386
-3.459 0.276
-3.591 0.166
-3.431 0.055
-3.488 -0.055
-3.425 -0.166
-3.520 -0.276
-3.489 -0.386
-3.554 -0.496
-3.512 -0.605
-3.394 -0.713
-3.436 -0.821
-3.295 -0.928
-3.420 -1.034
-3.212 -1.139
-3.264 -1.243
-3.190 -1.346
-3.087 -1.447
-3.182 -1.547
-3.106 -1.645
-3.043 -1.742
-2.926 -1.837
-2.856 -1.930
-2.937 -2.021
-2.856 -2.111
-2.752 -2.198
-2.742 -2.283
-2.576 -2.365
-2.537 -2.445
-2.490 -2.523
-2.403 -2.599
-2.180 -2.671
-2.141 -2.741
-2.095 -2.809
-1.916 -2.873
-1.986 -2.935
-1.764 -2.994
-1.671 -3.049
-1.609 -3.102
-1.585 -3.152
-1.402 -3.198
-1.360 -3.241
-1.290 -3.282
-1.171 -3.318
-0.929 -3.352
-0.987 -3.382
-0.846 -3.409
-0.775 -3.432
-0.589 -3.452
-0.566 -3.469
-0.279 -3.482
-0.309 -3.491
-0.219 -3.497
-0.066 -3.500
0.074 -3.499
0.114 -3.495
0.403 -3.487
0.380 -3.475
0.482 -3.461
0.544 -3.442
0.700 -3.421
0.757 -3.396
0.956 -3.367
1.113 -3.335
1.191 -3.300
1.187 -3.262
1.287 -3.220
1.528 -3.175
1.653 -3.127
1.676 -3.076
1.688 -3.022
1.926 -2.965
1.921 -2.904
2.003 -2.841
2.182 -2.775
2.121 -2.707
2.213 -2.635
2.419 -2.561
2.486 -2.485
2.548 -2.406
2.663 -2.324
2.730 -2.240
2.815 -2.154
2.783 -2.066
2.927 -1.976
2.961 -1.884
2.987 -1.790
2.975 -1.694
3.171 -1.596
3.131 -1.497
3.231 -1.397
3.300 -1.295
3.212 -1.191
3.253 -1.087
3.370 -0.981
3.386 -0.875
3.493 -0.767
3.497 -0.659
3.503 -0.550
3.382 -0.441
3.399 -0.331
3.411 -0.221
3.558 -0.110
3.589 -0.000
