18.8496 5.5906 1.9468 
18.8181 5.6160 1.9577 
18.7866 5.6414 1.9687 
18.7552 5.6667 1.9797 
18.7237 5.6921 1.9908 
18.6922 5.7174 2.0019 
18.6607 5.7427 2.0130 
18.6293 5.7680 2.0242 
18.5978 5.7932 2.0355 
18.5663 5.8184 2.0468 
18.5349 5.8436 2.0581 
18.5034 5.8688 2.0695 
18.4719 5.8940 2.0810 
18.4405 5.9191 2.0925 
18.4090 5.9442 2.1040 
18.3775 5.9693 2.1156 
18.3461 5.9944 2.1273 
18.3146 6.0195 2.1390 
18.2831 6.0445 2.1507 
18.2517 6.0695 2.1625 
18.2202 6.0945 2.1743 
18.1887 6.1194 2.1862 
18.1573 6.1444 2.1982 
18.1258 6.1693 2.2102 
18.0943 6.1942 2.2222 
18.0628 6.2190 2.2343 
18.0314 6.2439 2.2464 
17.9999 6.2687 2.2586 
17.9684 6.2935 2.2708 
17.9370 6.3182 2.2831 
17.9055 6.3430 2.2954 
17.8740 6.3677 2.3078 
17.8426 6.3924 2.3202 
17.8111 6.4171 2.3327 
17.7796 6.4417 2.3452 
17.7482 6.4664 2.3578 
17.7167 6.4910 2.3704 
17.6852 6.5155 2.3830 
17.6538 6.5401 2.3957 
17.6223 6.5646 2.4085 
17.5908 6.5891 2.4213 
17.5594 6.6136 2.4342 
17.5279 6.6380 2.4471 
17.4964 6.6625 2.4600 
17.4649 6.6869 2.4730 
17.4335 6.7112 2.4860 
17.4020 6.7356 2.4991 
17.3705 6.7599 2.5123 
17.3391 6.7842 2.5254 
17.3076 6.8085 2.5387 
17.2761 6.8327 2.5520 
17.2447 6.8570 2.5653 
17.2132 6.8811 2.5787 
17.1817 6.9053 2.5921 
17.1503 6.9295 2.6055 
17.1188 6.9536 2.6191 
17.0873 6.9777 2.6326 
17.0559 7.0017 2.6462 
17.0244 7.0258 2.6599 
16.9929 7.0498 2.6736 
16.9615 7.0738 2.6873 
16.9300 7.0977 2.7011 
16.8985 7.1216 2.7150 
16.8670 7.1456 2.7289 
16.8356 7.1694 2.7428 
16.8041 7.1933 2.7568 
16.7726 7.2171 2.7708 
16.7412 7.2409 2.7849 
16.7097 7.2647 2.7990 
16.6782 7.2884 2.8132 
16.6468 7.3121 2.8274 
16.6153 7.3358 2.8416 
16.5838 7.3594 2.8559 
16.5524 7.3831 2.8703 
16.5209 7.4067 2.8847 
16.4894 7.4302 2.8991 
16.4580 7.4538 2.9136 
16.4265 7.4773 2.9281 
16.3950 7.5008 2.9427 
16.3636 7.5243 2.9573 
16.3321 7.5477 2.9720 
16.3006 7.5711 2.9867 
16.2691 7.5945 3.0015 
16.2377 7.6178 3.0163 
16.2062 7.6411 3.0312 
16.1747 7.6644 3.0461 
16.1433 7.6877 3.0610 
16.1118 7.7109 3.0760 
16.0803 7.7341 3.0910 
16.0489 7.7573 3.1061 
16.0174 7.7804 3.1212 
15.9859 7.8035 3.1364 
15.9545 7.8266 3.1516 
15.9230 7.8496 3.1669 
15.8915 7.8727 3.1822 
15.8601 7.8957 3.1975 
15.8286 7.9186 3.2129 
15.7971 7.9416 3.2284 
15.7657 7.9645 3.2438 
15.7342 7.9873 3.2594 
15.7027 8.0102 3.2749 
15.6713 8.0330 3.2906 
15.6398 8.0558 3.3062 
15.6083 8.0785 3.3219 
15.5768 8.1012 3.3377 
15.5454 8.1239 3.3535 
15.5139 8.1466 3.3693 
15.4824 8.1692 3.3852 
15.4510 8.1918 3.4011 
15.4195 8.2144 3.4171 
15.3880 8.2369 3.4331 
15.3566 8.2594 3.4491 
15.3251 8.2819 3.4652 
15.2936 8.3043 3.4814 
15.2622 8.3267 3.4976 
15.2307 8.3491 3.5138 
15.1992 8.3714 3.5301 
15.1678 8.3938 3.5464 
15.1363 8.4160 3.5628 
15.1048 8.4383 3.5792 
15.0734 8.4605 3.5956 
15.0419 8.4827 3.6121 
15.0104 8.5049 3.6287 
14.9789 8.5270 3.6452 
14.9475 8.5491 3.6619 
14.9160 8.5711 3.6785 
14.8845 8.5931 3.6952 
14.8531 8.6151 3.7120 
14.8216 8.6371 3.7288 
14.7901 8.6590 3.7456 
14.7587 8.6809 3.7625 
14.7272 8.7028 3.7794 
14.6957 8.7246 3.7964 
14.6643 8.7464 3.8134 
14.6328 8.7682 3.8304 
14.6013 8.7899 3.8475 
14.5699 8.8116 3.8647 
14.5384 8.8332 3.8818 
14.5069 8.8549 3.8990 
14.4755 8.8765 3.9163 
14.4440 8.8980 3.9336 
14.4125 8.9196 3.9510 
14.3810 8.9411 3.9683 
14.3496 8.9625 3.9858 
14.3181 8.9839 4.0032 
14.2866 9.0053 4.0207 
14.2552 9.0267 4.0383 
14.2237 9.0480 4.0559 
14.1922 9.0693 4.0735 
14.1608 9.0906 4.0912 
14.1293 9.1118 4.1089 
14.0978 9.1330 4.1267 
14.0664 9.1541 4.1445 
14.0349 9.1752 4.1623 
14.0034 9.1963 4.1802 
13.9720 9.2174 4.1981 
13.9405 9.2384 4.2161 
13.9090 9.2593 4.2341 
13.8776 9.2803 4.2521 
13.8461 9.3012 4.2702 
13.8146 9.3221 4.2884 
13.7831 9.3429 4.3065 
13.7517 9.3637 4.3247 
13.7202 9.3845 4.3430 
13.6887 9.4052 4.3613 
13.6573 9.4259 4.3796 
13.6258 9.4465 4.3980 
13.5943 9.4672 4.4164 
13.5629 9.4878 4.4348 
13.5314 9.5083 4.4533 
13.4999 9.5288 4.4719 
13.4685 9.5493 4.4904 
13.4370 9.5697 4.5090 
13.4055 9.5901 4.5277 
13.3741 9.6105 4.5464 
13.3426 9.6308 4.5651 
13.3111 9.6511 4.5839 
13.2797 9.6714 4.6027 
13.2482 9.6916 4.6215 
13.2167 9.7118 4.6404 
13.1852 9.7320 4.6594 
13.1538 9.7521 4.6783 
13.1223 9.7722 4.6973 
13.0908 9.7922 4.7164 
13.0594 9.8122 4.7355 
13.0279 9.8322 4.7546 
12.9964 9.8521 4.7737 
12.9650 9.8720 4.7929 
12.9335 9.8918 4.8122 
12.9020 9.9116 4.8315 
12.8706 9.9314 4.8508 
12.8391 9.9512 4.8701 
12.8076 9.9709 4.8895 
12.7762 9.9905 4.9089 
12.7447 10.0101 4.9284 
12.7132 10.0297 4.9479 
12.6818 10.0493 4.9675 
12.6503 10.0688 4.9870 
12.6188 10.0883 5.0067 
12.5873 10.1077 5.0263 
12.5559 10.1271 5.0460 
12.5244 10.1465 5.0658 
12.4929 10.1658 5.0855 
12.4615 10.1851 5.1053 
12.4300 10.2043 5.1252 
12.3985 10.2235 5.1451 
12.3671 10.2427 5.1650 
12.3356 10.2618 5.1850 
12.3041 10.2809 5.2049 
12.2727 10.3000 5.2250 
12.2412 10.3190 5.2451 
12.2097 10.3379 5.2652 
12.1783 10.3569 5.2853 
12.1468 10.3758 5.3055 
12.1153 10.3946 5.3257 
12.0839 10.4134 5.3460 
12.0524 10.4322 5.3662 
12.0209 10.4509 5.3866 
11.9895 10.4696 5.4069 
11.9580 10.4883 5.4273 
11.9265 10.5069 5.4478 
11.8950 10.5255 5.4683 
11.8636 10.5440 5.4888 
11.8321 10.5625 5.5093 
11.8006 10.5810 5.5299 
11.7692 10.5994 5.5505 
11.7377 10.6178 5.5712 
11.7062 10.6361 5.5918 
11.6748 10.6544 5.6126 
11.6433 10.6727 5.6333 
11.6118 10.6909 5.6541 
11.5804 10.7090 5.6750 
11.5489 10.7272 5.6958 
11.5174 10.7453 5.7167 
11.4860 10.7633 5.7377 
11.4545 10.7813 5.7586 
11.4230 10.7993 5.7796 
11.3916 10.8172 5.8007 
11.3601 10.8351 5.8218 
11.3286 10.8530 5.8429 
11.2971 10.8708 5.8640 
11.2657 10.8885 5.8852 
11.2342 10.9063 5.9064 
11.2027 10.9239 5.9277 
11.1713 10.9416 5.9489 
11.1398 10.9592 5.9703 
11.1083 10.9767 5.9916 
11.0769 10.9943 6.0130 
11.0454 11.0117 6.0344 
11.0139 11.0292 6.0559 
10.9825 11.0466 6.0774 
10.9510 11.0639 6.0989 
10.9195 11.0812 6.1204 
10.8881 11.0985 6.1420 
10.8566 11.1157 6.1637 
10.8251 11.1329 6.1853 
10.7937 11.1500 6.2070 
10.7622 11.1671 6.2287 
10.7307 11.1842 6.2505 
10.6992 11.2012 6.2723 
10.6678 11.2182 6.2941 
10.6363 11.2351 6.3160 
10.6048 11.2520 6.3378 
10.5734 11.2688 6.3598 
10.5419 11.2856 6.3817 
10.5104 11.3024 6.4037 
10.4790 11.3191 6.4257 
10.4475 11.3358 6.4478 
10.4160 11.3524 6.4699 
10.3846 11.3690 6.4920 
10.3531 11.3855 6.5141 
10.3216 11.4020 6.5363 
10.2902 11.4185 6.5585 
10.2587 11.4349 6.5808 
10.2272 11.4513 6.6030 
10.1958 11.4676 6.6254 
10.1643 11.4839 6.6477 
10.1328 11.5001 6.6701 
10.1013 11.5163 6.6925 
10.0699 11.5324 6.7149 
10.0384 11.5486 6.7374 
10.0069 11.5646 6.7599 
9.9755 11.5806 6.7824 
9.9440 11.5966 6.8050 
9.9125 11.6125 6.8276 
9.8811 11.6284 6.8502 
9.8496 11.6443 6.8728 
9.8181 11.6601 6.8955 
9.7867 11.6758 6.9182 
9.7552 11.6915 6.9410 
9.7237 11.7072 6.9638 
9.6923 11.7228 6.9866 
9.6608 11.7384 7.0094 
9.6293 11.7539 7.0323 
9.5979 11.7694 7.0552 
9.5664 11.7849 7.0781 
9.5349 11.8003 7.1011 
9.5034 11.8156 7.1240 
9.4720 11.8309 7.1471 
9.4405 11.8462 7.1701 
9.4090 11.8614 7.1932 
9.3776 11.8766 7.2163 
9.3461 11.8917 7.2394 
9.3146 11.9068 7.2626 
9.2832 11.9219 7.2858 
9.2517 11.9369 7.3090 
9.2202 11.9518 7.3323 
9.1888 11.9667 7.3555 
9.1573 11.9816 7.3789 
9.1258 11.9964 7.4022 
9.0944 12.0112 7.4256 
9.0629 12.0259 7.4490 
9.0314 12.0406 7.4724 
9.0000 12.0552 7.4958 
8.9685 12.0698 7.5193 
8.9370 12.0843 7.5428 
8.9055 12.0988 7.5664 
8.8741 12.1133 7.5899 
8.8426 12.1277 7.6135 
8.8111 12.1420 7.6372 
8.7797 12.1563 7.6608 
8.7482 12.1706 7.6845 
8.7167 12.1848 7.7082 
8.6853 12.1990 7.7319 
8.6538 12.2131 7.7557 
8.6223 12.2272 7.7795 
8.5909 12.2412 7.8033 
8.5594 12.2552 7.8272 
8.5279 12.2692 7.8510 
8.4965 12.2831 7.8749 
8.4650 12.2969 7.8989 
8.4335 12.3107 7.9228 
8.4021 12.3245 7.9468 
8.3706 12.3382 7.9708 
8.3391 12.3518 7.9948 
8.3077 12.3654 8.0189 
8.2762 12.3790 8.0430 
8.2447 12.3925 8.0671 
8.2132 12.4060 8.0912 
8.1818 12.4194 8.1154 
8.1503 12.4328 8.1396 
8.1188 12.4461 8.1638 
8.0874 12.4594 8.1880 
8.0559 12.4727 8.2123 
8.0244 12.4859 8.2366 
7.9930 12.4990 8.2609 
7.9615 12.5121 8.2853 
7.9300 12.5251 8.3096 
7.8986 12.5381 8.3340 
7.8671 12.5511 8.3585 
7.8356 12.5640 8.3829 
7.8042 12.5769 8.4074 
7.7727 12.5897 8.4319 
7.7412 12.6024 8.4564 
7.7098 12.6152 8.4810 
7.6783 12.6278 8.5055 
7.6468 12.6404 8.5301 
7.6153 12.6530 8.5547 
7.5839 12.6655 8.5794 
7.5524 12.6780 8.6041 
7.5209 12.6904 8.6287 
7.4895 12.7028 8.6535 
7.4580 12.7151 8.6782 
7.4265 12.7274 8.7030 
7.3951 12.7397 8.7278 
7.3636 12.7519 8.7526 
7.3321 12.7640 8.7774 
7.3007 12.7761 8.8023 
7.2692 12.7881 8.8272 
7.2377 12.8001 8.8521 
7.2063 12.8121 8.8770 
7.1748 12.8240 8.9020 
7.1433 12.8358 8.9269 
7.1119 12.8476 8.9519 
7.0804 12.8594 8.9770 
7.0489 12.8711 9.0020 
7.0174 12.8827 9.0271 
6.9860 12.8943 9.0522 
6.9545 12.9059 9.0773 
6.9230 12.9174 9.1024 
6.8916 12.9288 9.1276 
6.8601 12.9402 9.1528 
6.8286 12.9516 9.1780 
6.7972 12.9629 9.2032 
6.7657 12.9742 9.2284 
6.7342 12.9854 9.2537 
6.7028 12.9965 9.2790 
6.6713 13.0077 9.3043 
6.6398 13.0187 9.3296 
6.6084 13.0297 9.3550 
6.5769 13.0407 9.3804 
6.5454 13.0516 9.4058 
6.5140 13.0625 9.4312 
6.4825 13.0733 9.4566 
6.4510 13.0841 9.4821 
6.4195 13.0948 9.5076 
6.3881 13.1054 9.5331 
6.3566 13.1161 9.5586 
6.3251 13.1266 9.5841 
6.2937 13.1372 9.6097 
6.2622 13.1476 9.6353 
6.2307 13.1580 9.6609 
6.1993 13.1684 9.6865 
6.1678 13.1787 9.7122 
6.1363 13.1890 9.7378 
6.1049 13.1992 9.7635 
6.0734 13.2094 9.7892 
6.0419 13.2195 9.8150 
6.0105 13.2296 9.8407 
5.9790 13.2396 9.8665 
5.9475 13.2496 9.8923 
5.9161 13.2595 9.9181 
5.8846 13.2694 9.9439 
5.8531 13.2792 9.9697 
5.8216 13.2889 9.9956 
5.7902 13.2987 10.0215 
5.7587 13.3083 10.0474 
5.7272 13.3179 10.0733 
5.6958 13.3275 10.0992 
5.6643 13.3370 10.1252 
5.6328 13.3465 10.1511 
5.6014 13.3559 10.1771 
5.5699 13.3653 10.2032 
5.5384 13.3746 10.2292 
5.5070 13.3838 10.2552 
5.4755 13.3930 10.2813 
5.4440 13.4022 10.3074 
5.4126 13.4113 10.3335 
5.3811 13.4204 10.3596 
5.3496 13.4294 10.3857 
5.3182 13.4383 10.4119 
5.2867 13.4473 10.4381 
5.2552 13.4561 10.4642 
5.2238 13.4649 10.4904 
5.1923 13.4737 10.5167 
5.1608 13.4824 10.5429 
5.1293 13.4910 10.5692 
5.0979 13.4996 10.5954 
5.0664 13.5082 10.6217 
5.0349 13.5167 10.6480 
5.0035 13.5251 10.6744 
4.9720 13.5335 10.7007 
4.9405 13.5419 10.7270 
4.9091 13.5501 10.7534 
4.8776 13.5584 10.7798 
4.8461 13.5666 10.8062 
4.8147 13.5747 10.8326 
4.7832 13.5828 10.8591 
4.7517 13.5908 10.8855 
4.7203 13.5988 10.9120 
4.6888 13.6068 10.9385 
4.6573 13.6146 10.9650 
4.6259 13.6225 10.9915 
4.5944 13.6302 11.0180 
4.5629 13.6380 11.0445 
4.5314 13.6457 11.0711 
4.5000 13.6533 11.0977 
4.4685 13.6608 11.1243 
4.4370 13.6684 11.1509 
4.4056 13.6758 11.1775 
4.3741 13.6832 11.2041 
4.3426 13.6906 11.2308 
4.3112 13.6979 11.2574 
4.2797 13.7052 11.2841 
4.2482 13.7124 11.3108 
4.2168 13.7195 11.3375 
4.1853 13.7267 11.3642 
4.1538 13.7337 11.3909 
4.1224 13.7407 11.4177 
4.0909 13.7477 11.4444 
4.0594 13.7545 11.4712 
4.0280 13.7614 11.4980 
3.9965 13.7682 11.5248 
3.9650 13.7749 11.5516 
3.9335 13.7816 11.5784 
3.9021 13.7882 11.6053 
3.8706 13.7948 11.6321 
3.8391 13.8014 11.6590 
3.8077 13.8078 11.6858 
3.7762 13.8143 11.7127 
3.7447 13.8206 11.7396 
3.7133 13.8270 11.7665 
3.6818 13.8332 11.7935 
3.6503 13.8394 11.8204 
3.6189 13.8456 11.8474 
3.5874 13.8517 11.8743 
3.5559 13.8578 11.9013 
3.5245 13.8638 11.9283 
3.4930 13.8697 11.9553 
3.4615 13.8756 11.9823 
3.4301 13.8815 12.0093 
3.3986 13.8873 12.0363 
3.3671 13.8930 12.0634 
3.3356 13.8987 12.0904 
3.3042 13.9044 12.1175 
3.2727 13.9099 12.1446 
3.2412 13.9155 12.1716 
3.2098 13.9210 12.1987 
3.1783 13.9264 12.2258 
3.1468 13.9318 12.2530 
3.1154 13.9371 12.2801 
3.0839 13.9423 12.3072 
3.0524 13.9476 12.3344 
3.0210 13.9527 12.3615 
2.9895 13.9578 12.3887 
2.9580 13.9629 12.4159 
2.9266 13.9679 12.4431 
2.8951 13.9728 12.4703 
2.8636 13.9777 12.4975 
2.8322 13.9826 12.5247 
2.8007 13.9874 12.5519 
2.7692 13.9921 12.5792 
2.7377 13.9968 12.6064 
2.7063 14.0014 12.6336 
2.6748 14.0060 12.6609 
2.6433 14.0105 12.6882 
2.6119 14.0150 12.7155 
2.5804 14.0194 12.7428 
2.5489 14.0238 12.7700 
2.5175 14.0281 12.7974 
2.4860 14.0324 12.8247 
2.4545 14.0366 12.8520 
2.4231 14.0408 12.8793 
2.3916 14.0449 12.9067 
2.3601 14.0489 12.9340 
2.3287 14.0529 12.9614 
2.2972 14.0568 12.9887 
2.2657 14.0607 13.0161 
2.2343 14.0646 13.0435 
2.2028 14.0683 13.0709 
2.1713 14.0721 13.0982 
2.1398 14.0758 13.1256 
2.1084 14.0794 13.1531 
2.0769 14.0829 13.1805 
2.0454 14.0865 13.2079 
2.0140 14.0899 13.2353 
1.9825 14.0933 13.2627 
1.9510 14.0967 13.2902 
1.9196 14.1000 13.3176 
1.8881 14.1032 13.3451 
1.8566 14.1064 13.3725 
1.8252 14.1096 13.4000 
1.7937 14.1127 13.4275 
1.7622 14.1157 13.4550 
1.7308 14.1187 13.4824 
1.6993 14.1216 13.5099 
1.6678 14.1245 13.5374 
1.6364 14.1273 13.5649 
1.6049 14.1301 13.5924 
1.5734 14.1328 13.6199 
1.5420 14.1354 13.6475 
1.5105 14.1380 13.6750 
1.4790 14.1406 13.7025 
1.4475 14.1431 13.7300 
1.4161 14.1455 13.7576 
1.3846 14.1479 13.7851 
1.3531 14.1503 13.8127 
1.3217 14.1526 13.8402 
1.2902 14.1548 13.8678 
1.2587 14.1570 13.8953 
1.2273 14.1591 13.9229 
1.1958 14.1612 13.9505 
1.1643 14.1632 13.9780 
1.1329 14.1651 14.0056 
1.1014 14.1670 14.0332 
1.0699 14.1689 14.0608 
1.0385 14.1707 14.0884 
1.0070 14.1725 14.1159 
0.9755 14.1741 14.1435 
0.9441 14.1758 14.1711 
0.9126 14.1774 14.1987 
0.8811 14.1789 14.2263 
0.8496 14.1804 14.2539 
0.8182 14.1818 14.2815 
0.7867 14.1832 14.3092 
0.7552 14.1845 14.3368 
0.7238 14.1858 14.3644 
0.6923 14.1870 14.3920 
0.6608 14.1881 14.4196 
0.6294 14.1892 14.4472 
0.5979 14.1903 14.4749 
0.5664 14.1913 14.5025 
0.5350 14.1922 14.5301 
0.5035 14.1931 14.5578 
0.4720 14.1939 14.5854 
0.4406 14.1947 14.6130 
0.4091 14.1955 14.6407 
0.3776 14.1961 14.6683 
0.3462 14.1967 14.6959 
0.3147 14.1973 14.7236 
0.2832 14.1978 14.7512 
0.2517 14.1983 14.7789 
0.2203 14.1987 14.8065 
0.1888 14.1990 14.8341 
0.1573 14.1993 14.8618 
0.1259 14.1996 14.8894 
0.0944 14.1998 14.9171 
0.0629 14.1999 14.9447 
0.0315 14.2000 14.9724 
0.0000 14.2000 15.0000 
