0.0000 -0.7242 
0.0714 -0.7242 
0.1429 -0.7242 
0.2143 -0.7242 
0.2857 -0.7242 
0.3571 -0.7242 
0.4286 -0.7242 
0.5000 -0.7242 
0.5714 -0.7242 
0.6429 -0.7242 
0.7143 -0.7242 
0.7857 -0.7242 
0.8571 -0.7242 
0.9286 -0.7242 
1.0000 -0.7242 
1.0714 -0.7242 
1.1429 -0.7242 
1.2143 -0.7242 
1.2857 -0.7242 
1.3571 -0.7242 
1.4286 -0.7242 
1.5000 -0.7242 
1.5714 -0.7242 
1.6429 -0.7242 
1.7143 -0.7242 
1.7857 -0.7242 
1.8571 -0.7242 
1.9286 -0.7242 
2.0000 -0.7242 
2.0714 -0.7242 
2.1429 -0.7242 
2.2143 -0.7242 
2.2857 -0.7242 
2.3571 -0.7242 
2.4286 -0.7242 
2.5000 -0.7242 
2.5714 -0.7242 
2.6429 -0.7242 
2.7143 -0.7242 
2.7857 -0.7242 
2.8571 -0.7242 
2.9286 -0.7242 
3.0000 -0.7242 
3.0714 -0.7242 
3.1429 -0.7242 
3.2143 -0.7242 
3.2857 -0.7242 
3.3571 -0.7242 
3.4286 -0.7242 
3.5000 -0.7242 
3.5000 -0.7242 
3.5000 -0.7147 
3.5001 -0.7052 
3.5003 -0.6956 
3.5005 -0.6861 
3.5008 -0.6766 
3.5011 -0.6671 
3.5015 -0.6576 
3.5019 -0.6481 
3.5024 -0.6386 
3.5030 -0.6291 
3.5037 -0.6196 
3.5043 -0.6101 
3.5051 -0.6006 
3.5059 -0.5911 
3.5068 -0.5816 
3.5077 -0.5721 
3.5087 -0.5627 
3.5098 -0.5532 
3.5109 -0.5438 
3.5121 -0.5343 
3.5133 -0.5249 
3.5146 -0.5154 
3.5160 -0.5060 
3.5174 -0.4966 
3.5188 -0.4872 
3.5204 -0.4778 
3.5220 -0.4684 
3.5236 -0.4590 
3.5253 -0.4497 
3.5271 -0.4403 
3.5289 -0.4310 
3.5308 -0.4216 
3.5328 -0.4123 
3.5348 -0.4030 
3.5369 -0.3937 
3.5390 -0.3845 
3.5412 -0.3752 
3.5434 -0.3659 
3.5457 -0.3567 
3.5481 -0.3475 
3.5505 -0.3383 
3.5530 -0.3291 
3.5555 -0.3199 
3.5581 -0.3107 
3.5608 -0.3016 
3.5635 -0.2925 
3.5662 -0.2834 
3.5691 -0.2743 
3.5720 -0.2652 
3.5749 -0.2561 
3.5779 -0.2471 
3.5809 -0.2381 
3.5841 -0.2291 
3.5872 -0.2201 
3.5905 -0.2112 
3.5937 -0.2022 
3.5971 -0.1933 
3.6005 -0.1844 
3.6039 -0.1756 
3.6074 -0.1667 
3.6110 -0.1579 
3.6146 -0.1491 
3.6183 -0.1403 
3.6220 -0.1315 
3.6258 -0.1228 
3.6297 -0.1141 
3.6336 -0.1054 
3.6375 -0.0967 
3.6415 -0.0881 
3.6456 -0.0795 
3.6497 -0.0709 
3.6539 -0.0624 
3.6581 -0.0538 
3.6624 -0.0453 
3.6667 -0.0369 
3.6711 -0.0284 
3.6756 -0.0200 
3.6801 -0.0116 
3.6846 -0.0032 
3.6892 0.0051 
3.6939 0.0134 
3.6986 0.0217 
3.7033 0.0299 
3.7082 0.0381 
3.7130 0.0463 
3.7179 0.0545 
3.7229 0.0626 
3.7279 0.0707 
3.7330 0.0787 
3.7381 0.0868 
3.7433 0.0948 
3.7485 0.1027 
3.7538 0.1106 
3.7591 0.1185 
3.7645 0.1264 
3.7699 0.1342 
3.7754 0.1420 
3.7809 0.1498 
3.7865 0.1575 
3.7921 0.1652 
3.7978 0.1728 
3.8035 0.1804 
3.8092 0.1880 
3.8151 0.1955 
3.8209 0.2030 
3.8268 0.2105 
3.8328 0.2179 
3.8388 0.2253 
3.8448 0.2327 
3.8509 0.2400 
3.8571 0.2473 
3.8633 0.2545 
3.8695 0.2617 
3.8758 0.2688 
3.8821 0.2760 
3.8885 0.2830 
3.8949 0.2901 
3.9014 0.2971 
3.9079 0.3040 
3.9144 0.3109 
3.9210 0.3178 
3.9276 0.3246 
3.9343 0.3314 
3.9410 0.3381 
3.9478 0.3448 
3.9546 0.3515 
3.9614 0.3581 
3.9683 0.3647 
3.9753 0.3712 
3.9822 0.3777 
3.9893 0.3841 
3.9963 0.3905 
4.0034 0.3969 
4.0105 0.4032 
4.0177 0.4094 
4.0249 0.4156 
4.0322 0.4218 
4.0395 0.4279 
4.0468 0.4340 
4.0542 0.4400 
4.0616 0.4460 
4.0690 0.4519 
4.0765 0.4578 
4.0840 0.4637 
4.0916 0.4694 
4.0992 0.4752 
4.1068 0.4809 
4.1145 0.4865 
4.1222 0.4921 
4.1299 0.4977 
4.1377 0.5032 
4.1455 0.5086 
4.1533 0.5140 
4.1612 0.5194 
4.1691 0.5247 
4.1771 0.5299 
4.1850 0.5351 
4.1931 0.5403 
4.2011 0.5453 
4.2092 0.5504 
4.2173 0.5554 
4.2254 0.5603 
4.2336 0.5652 
4.2418 0.5701 
4.2500 0.5748 
4.2583 0.5796 
4.2666 0.5843 
4.2749 0.5889 
4.2832 0.5935 
4.2916 0.5980 
4.3000 0.6025 
4.3084 0.6069 
4.3169 0.6112 
4.3254 0.6155 
4.3339 0.6198 
4.3424 0.6240 
4.3510 0.6281 
4.3596 0.6322 
4.3682 0.6363 
4.3769 0.6403 
4.3856 0.6442 
4.3943 0.6480 
4.4030 0.6519 
4.4117 0.6556 
4.4205 0.6593 
4.4293 0.6630 
4.4381 0.6666 
4.4469 0.6701 
4.4558 0.6736 
4.4647 0.6770 
4.4736 0.6804 
4.4825 0.6837 
4.4915 0.6870 
4.5004 0.6902 
4.5094 0.6933 
4.5184 0.6964 
4.5274 0.6994 
4.5365 0.7024 
4.5455 0.7053 
4.5455 0.7053 
4.6361 0.7344 
4.7266 0.7641 
4.8168 0.7944 
4.9069 0.8253 
4.9967 0.8567 
5.0864 0.8887 
5.1758 0.9213 
5.2651 0.9544 
5.3541 0.9881 
5.4429 1.0224 
5.5315 1.0572 
5.6199 1.0926 
5.7080 1.1285 
5.7960 1.1650 
5.8837 1.2021 
5.9711 1.2397 
6.0583 1.2779 
6.1453 1.3166 
6.2320 1.3559 
6.3184 1.3957 
6.4047 1.4361 
6.4906 1.4770 
6.5763 1.5184 
6.6617 1.5605 
6.7469 1.6030 
6.8318 1.6461 
6.9164 1.6897 
7.0007 1.7339 
7.0848 1.7786 
7.1685 1.8238 
7.2520 1.8696 
7.3352 1.9158 
7.4181 1.9627 
7.5007 2.0100 
7.5829 2.0579 
7.6649 2.1062 
7.7466 2.1552 
7.8280 2.2046 
7.9090 2.2545 
7.9897 2.3050 
8.0701 2.3559 
8.1502 2.4074 
8.2300 2.4594 
8.3094 2.5118 
8.3885 2.5648 
8.4672 2.6183 
8.5456 2.6723 
8.6237 2.7268 
8.7014 2.7818 
8.7788 2.8372 
8.8558 2.8932 
8.9325 2.9496 
9.0087 3.0066 
9.0847 3.0640 
9.1602 3.1219 
9.2354 3.1802 
9.3103 3.2391 
9.3847 3.2984 
9.4588 3.3582 
9.5325 3.4185 
9.6058 3.4792 
9.6787 3.5404 
9.7512 3.6021 
9.8234 3.6642 
9.8951 3.7267 
9.9665 3.7898 
10.0374 3.8532 
10.1080 3.9172 
10.1781 3.9815 
10.2478 4.0463 
10.3171 4.1116 
10.3860 4.1773 
10.4545 4.2434 
10.5225 4.3100 
10.5902 4.3770 
10.6574 4.4444 
10.7241 4.5123 
10.7905 4.5805 
10.8564 4.6492 
10.9219 4.7183 
10.9869 4.7878 
11.0515 4.8578 
11.1156 4.9281 
11.1793 4.9989 
11.2426 5.0700 
11.3054 5.1416 
11.3677 5.2135 
11.4296 5.2858 
11.4910 5.3586 
11.5520 5.4317 
11.6124 5.5052 
11.6725 5.5791 
11.7320 5.6534 
11.7911 5.7280 
11.8497 5.8030 
11.9078 5.8784 
11.9655 5.9542 
12.0226 6.0303 
12.0793 6.1068 
12.1355 6.1836 
12.1912 6.2608 
12.2464 6.3383 
12.3012 6.4162 
12.3554 6.4945 
12.4091 6.5730 
12.4624 6.6520 
12.5151 6.7312 
12.5673 6.8108 
12.6190 6.8907 
12.6702 6.9710 
12.7209 7.0516 
12.7711 7.1324 
12.8208 7.2137 
12.8700 7.2952 
12.9186 7.3770 
12.9667 7.4591 
13.0143 7.5416 
13.0614 7.6243 
13.1079 7.7074 
13.1539 7.7907 
13.1994 7.8743 
13.2444 7.9582 
13.2888 8.0424 
13.3327 8.1269 
13.3760 8.2117 
13.4189 8.2967 
13.4611 8.3820 
13.5029 8.4675 
13.5440 8.5534 
13.5847 8.6395 
13.6248 8.7258 
13.6643 8.8124 
13.7033 8.8992 
13.7417 8.9863 
13.7796 9.0736 
13.8170 9.1612 
13.8537 9.2490 
13.8900 9.3371 
13.9256 9.4253 
13.9607 9.5138 
13.9953 9.6025 
14.0292 9.6914 
14.0626 9.7806 
14.0955 9.8699 
14.1277 9.9595 
14.1595 10.0493 
14.1906 10.1392 
14.2211 10.2294 
14.2511 10.3197 
14.2806 10.4103 
14.3094 10.5010 
14.3377 10.5919 
14.3653 10.6830 
14.3925 10.7742 
14.4190 10.8656 
14.4449 10.9572 
14.4703 11.0490 
14.4951 11.1409 
14.5193 11.2330 
14.5429 11.3252 
14.5659 11.4175 
14.5884 11.5101 
14.6102 11.6027 
14.6315 11.6955 
14.6522 11.7884 
14.6722 11.8815 
14.6917 11.9747 
14.7106 12.0680 
14.7290 12.1614 
14.7467 12.2549 
14.7638 12.3485 
14.7803 12.4423 
14.7963 12.5361 
14.8116 12.6301 
14.8263 12.7241 
14.8405 12.8183 
14.8540 12.9125 
14.8670 13.0068 
14.8793 13.1012 
14.8911 13.1957 
14.9022 13.2902 
14.9128 13.3848 
14.9227 13.4795 
14.9321 13.5742 
14.9408 13.6690 
14.9490 13.7639 
14.9565 13.8588 
14.9635 13.9537 
14.9698 14.0487 
14.9755 14.1437 
14.9807 14.2388 
14.9852 14.3339 
14.9891 14.4290 
14.9924 14.5241 
14.9952 14.6193 
14.9973 14.7144 
14.9988 14.8096 
14.9997 14.9048 
15.0000 15.0000 
15.0000 15.0000 
14.9579 15.0000 
14.9158 15.0000 
14.8737 15.0000 
14.8316 15.0000 
14.7895 15.0000 
14.7474 15.0000 
14.7053 15.0000 
14.6632 15.0000 
14.6211 15.0000 
14.5789 15.0000 
14.5368 15.0000 
14.4947 15.0000 
14.4526 15.0000 
14.4105 15.0000 
14.3684 15.0000 
14.3263 15.0000 
14.2842 15.0000 
14.2421 15.0000 
14.2000 15.0000 
14.2000 15.0000 
14.1998 14.9168 
14.1990 14.8336 
14.1978 14.7504 
14.1961 14.6672 
14.1939 14.5840 
14.1912 14.5008 
14.1881 14.4177 
14.1844 14.3345 
14.1803 14.2514 
14.1756 14.1684 
14.1705 14.0853 
14.1649 14.0023 
14.1588 13.9193 
14.1522 13.8363 
14.1452 13.7534 
14.1376 13.6706 
14.1296 13.5877 
14.1211 13.5050 
14.1121 13.4222 
14.1026 13.3396 
14.0926 13.2570 
14.0822 13.1744 
14.0712 13.0919 
14.0598 13.0095 
14.0479 12.9271 
14.0355 12.8449 
14.0226 12.7626 
14.0093 12.6805 
13.9954 12.5985 
13.9811 12.5165 
13.9663 12.4346 
13.9511 12.3528 
13.9353 12.2711 
13.9191 12.1895 
13.9024 12.1080 
13.8852 12.0265 
13.8675 11.9452 
13.8494 11.8640 
13.8308 11.7829 
13.8117 11.7019 
13.7921 11.6210 
13.7721 11.5403 
13.7516 11.4596 
13.7306 11.3791 
13.7091 11.2987 
13.6872 11.2184 
13.6648 11.1383 
13.6420 11.0583 
13.6186 10.9784 
13.5948 10.8987 
13.5706 10.8191 
13.5458 10.7396 
13.5206 10.6603 
13.4950 10.5812 
13.4688 10.5022 
13.4422 10.4233 
13.4152 10.3446 
13.3877 10.2661 
13.3597 10.1877 
13.3313 10.1095 
13.3024 10.0315 
13.2731 9.9536 
13.2433 9.8759 
13.2130 9.7984 
13.1823 9.7211 
13.1511 9.6439 
13.1195 9.5669 
13.0875 9.4902 
13.0549 9.4136 
13.0220 9.3371 
12.9886 9.2609 
12.9547 9.1849 
12.9204 9.1091 
12.8857 9.0335 
12.8505 8.9581 
12.8149 8.8829 
12.7788 8.8079 
12.7423 8.7331 
12.7054 8.6586 
12.6680 8.5842 
12.6302 8.5101 
12.5919 8.4362 
12.5532 8.3625 
12.5141 8.2891 
12.4746 8.2159 
12.4346 8.1429 
12.3942 8.0701 
12.3534 7.9976 
12.3122 7.9253 
12.2705 7.8533 
12.2284 7.7815 
12.1859 7.7100 
12.1430 7.6387 
12.0996 7.5677 
12.0559 7.4969 
12.0117 7.4264 
11.9671 7.3561 
11.9221 7.2861 
11.8767 7.2164 
11.8309 7.1469 
11.7846 7.0777 
11.7380 7.0088 
11.6910 6.9402 
11.6436 6.8718 
11.5957 6.8037 
11.5475 6.7359 
11.4989 6.6684 
11.4499 6.6011 
11.4004 6.5342 
11.3506 6.4675 
11.3004 6.4012 
11.2499 6.3351 
11.1989 6.2693 
11.1475 6.2038 
11.0958 6.1387 
11.0437 6.0738 
10.9912 6.0092 
10.9383 5.9450 
10.8851 5.8810 
10.8314 5.8174 
10.7774 5.7541 
10.7231 5.6911 
10.6683 5.6284 
10.6132 5.5661 
10.5578 5.5040 
10.5020 5.4423 
10.4458 5.3810 
10.3892 5.3199 
10.3323 5.2592 
10.2751 5.1988 
10.2174 5.1388 
10.1595 5.0791 
10.1012 5.0197 
10.0425 4.9607 
9.9835 4.9020 
9.9242 4.8437 
9.8645 4.7857 
9.8045 4.7281 
9.7441 4.6708 
9.6834 4.6139 
9.6224 4.5573 
9.5610 4.5011 
9.4993 4.4452 
9.4373 4.3898 
9.3750 4.3346 
9.3123 4.2799 
9.2493 4.2255 
9.1860 4.1715 
9.1224 4.1178 
9.0585 4.0646 
8.9943 4.0117 
8.9297 3.9592 
8.8649 3.9070 
8.7997 3.8553 
8.7342 3.8039 
8.6685 3.7529 
8.6024 3.7023 
8.5361 3.6521 
8.4694 3.6023 
8.4025 3.5528 
8.3353 3.5038 
8.2678 3.4551 
8.2000 3.4069 
8.1319 3.3590 
8.0635 3.3116 
7.9949 3.2645 
7.9260 3.2179 
7.8568 3.1716 
7.7874 3.1258 
7.7177 3.0804 
7.6477 3.0353 
7.5774 2.9907 
7.5069 2.9465 
7.4362 2.9028 
7.3652 2.8594 
7.2939 2.8164 
7.2224 2.7739 
7.1506 2.7318 
7.0786 2.6901 
7.0063 2.6488 
6.9338 2.6080 
6.8611 2.5676 
6.7881 2.5276 
6.7149 2.4880 
6.6415 2.4489 
6.5678 2.4102 
6.4939 2.3719 
6.4198 2.3341 
6.3455 2.2967 
6.2709 2.2597 
6.1962 2.2232 
6.1212 2.1871 
6.0460 2.1514 
5.9706 2.1162 
5.8950 2.0814 
5.8192 2.0471 
5.7432 2.0132 
5.6670 1.9798 
5.5906 1.9468 
5.5905 1.9468 
5.5767 1.9410 
5.5630 1.9354 
5.5491 1.9298 
5.5353 1.9244 
5.5213 1.9192 
5.5073 1.9141 
5.4933 1.9091 
5.4792 1.9043 
5.4651 1.8996 
5.4509 1.8951 
5.4367 1.8907 
5.4224 1.8864 
5.4081 1.8823 
5.3937 1.8783 
5.3794 1.8745 
5.3649 1.8708 
5.3505 1.8672 
5.3360 1.8638 
5.3215 1.8605 
5.3069 1.8574 
5.2923 1.8545 
5.2777 1.8516 
5.2630 1.8489 
5.2484 1.8464 
5.2337 1.8440 
5.2190 1.8418 
5.2042 1.8397 
5.1895 1.8377 
5.1747 1.8359 
5.1599 1.8342 
5.1451 1.8327 
5.1302 1.8314 
5.1154 1.8301 
5.1005 1.8291 
5.0857 1.8281 
5.0708 1.8274 
5.0559 1.8267 
5.0411 1.8263 
5.0262 1.8259 
5.0113 1.8257 
4.9964 1.8257 
4.9815 1.8258 
4.9666 1.8261 
4.9517 1.8265 
4.9369 1.8270 
4.9220 1.8277 
4.9071 1.8286 
4.8923 1.8296 
4.8774 1.8307 
4.8626 1.8320 
4.8478 1.8334 
4.8330 1.8350 
4.8182 1.8368 
4.8034 1.8386 
4.7886 1.8407 
4.7739 1.8428 
4.7592 1.8452 
4.7445 1.8476 
4.7299 1.8502 
4.7152 1.8530 
4.7006 1.8559 
4.6860 1.8589 
4.6715 1.8621 
4.6570 1.8654 
4.6425 1.8689 
4.6281 1.8725 
4.6137 1.8763 
4.5993 1.8802 
4.5850 1.8843 
4.5707 1.8885 
4.5564 1.8928 
4.5422 1.8973 
4.5281 1.9019 
4.5140 1.9066 
4.4999 1.9115 
4.4859 1.9166 
4.4719 1.9217 
4.4580 1.9270 
4.4442 1.9325 
4.4304 1.9381 
4.4166 1.9438 
4.4029 1.9497 
4.3893 1.9557 
4.3757 1.9618 
4.3622 1.9680 
4.3488 1.9744 
4.3354 1.9810 
4.3221 1.9876 
4.3088 1.9944 
4.2956 2.0014 
4.2825 2.0084 
4.2695 2.0156 
4.2565 2.0229 
4.2436 2.0304 
4.2308 2.0379 
4.2181 2.0456 
4.2054 2.0535 
4.1928 2.0614 
4.1803 2.0695 
4.1679 2.0777 
4.1555 2.0860 
4.1433 2.0944 
4.1311 2.1030 
4.1190 2.1117 
4.1070 2.1205 
4.0951 2.1294 
4.0832 2.1385 
4.0715 2.1476 
4.0598 2.1569 
4.0483 2.1663 
4.0368 2.1758 
4.0255 2.1854 
4.0142 2.1951 
4.0030 2.2050 
3.9919 2.2149 
3.9810 2.2250 
3.9701 2.2352 
3.9593 2.2454 
3.9486 2.2558 
3.9381 2.2663 
3.9276 2.2769 
3.9172 2.2876 
3.9070 2.2984 
3.8968 2.3093 
3.8868 2.3203 
3.8769 2.3314 
3.8671 2.3426 
3.8574 2.3539 
3.8478 2.3653 
3.8383 2.3768 
3.8289 2.3883 
3.8197 2.4000 
3.8106 2.4118 
3.8016 2.4236 
3.7927 2.4356 
3.7839 2.4476 
3.7752 2.4597 
3.7667 2.4719 
3.7583 2.4842 
3.7500 2.4966 
3.7418 2.5090 
3.7338 2.5215 
3.7258 2.5342 
3.7181 2.5468 
3.7104 2.5596 
3.7028 2.5724 
3.6954 2.5854 
3.6881 2.5983 
3.6810 2.6114 
3.6740 2.6245 
3.6671 2.6377 
3.6603 2.6510 
3.6537 2.6643 
3.6472 2.6777 
3.6408 2.6912 
3.6346 2.7047 
3.6285 2.7183 
3.6225 2.7319 
3.6167 2.7456 
3.6110 2.7594 
3.6055 2.7732 
3.6000 2.7871 
3.5948 2.8010 
3.5896 2.8150 
3.5846 2.8290 
3.5798 2.8431 
3.5750 2.8572 
3.5705 2.8714 
3.5660 2.8856 
3.5617 2.8998 
3.5576 2.9141 
3.5536 2.9285 
3.5497 2.9428 
3.5460 2.9573 
3.5424 2.9717 
3.5389 2.9862 
3.5356 3.0007 
3.5325 3.0153 
3.5295 3.0299 
3.5266 3.0445 
3.5239 3.0591 
3.5213 3.0738 
3.5189 3.0885 
3.5166 3.1032 
3.5145 3.1179 
3.5125 3.1327 
3.5106 3.1474 
3.5089 3.1622 
3.5074 3.1770 
3.5060 3.1919 
3.5047 3.2067 
3.5036 3.2216 
3.5027 3.2364 
3.5018 3.2513 
3.5012 3.2662 
3.5007 3.2810 
3.5003 3.2959 
3.5001 3.3108 
3.5000 3.3257 
3.5000 3.3257 
3.5000 3.3844 
3.5000 3.4430 
3.5000 3.5017 
3.5000 3.5604 
3.5000 3.6190 
3.5000 3.6777 
3.5000 3.7364 
3.5000 3.7950 
3.5000 3.8537 
3.5000 3.9123 
3.5000 3.9710 
3.5000 4.0297 
3.5000 4.0883 
3.5000 4.1470 
3.5000 4.2057 
3.5000 4.2643 
3.5000 4.3230 
3.5000 4.3817 
3.5000 4.4403 
3.5000 4.4990 
3.5000 4.5577 
3.5000 4.6163 
3.5000 4.6750 
3.5000 4.7337 
3.5000 4.7923 
3.5000 4.8510 
3.5000 4.9097 
3.5000 4.9683 
3.5000 5.0270 
3.5000 5.0856 
3.5000 5.1443 
3.5000 5.2030 
3.5000 5.2616 
3.5000 5.3203 
3.5000 5.3790 
3.5000 5.4376 
3.5000 5.4963 
3.5000 5.5550 
3.5000 5.6136 
3.5000 5.6723 
3.5000 5.7310 
3.5000 5.7896 
3.5000 5.8483 
3.5000 5.9070 
3.5000 5.9656 
3.5000 6.0243 
3.5000 6.0829 
3.5000 6.1416 
3.5000 6.2003 
3.5000 6.2589 
3.5000 6.3176 
3.5000 6.3763 
3.5000 6.4349 
3.5000 6.4936 
3.5000 6.5523 
3.5000 6.6109 
3.5000 6.6696 
3.5000 6.7283 
3.5000 6.7869 
3.5000 6.8456 
3.5000 6.9043 
3.5000 6.9629 
3.5000 7.0216 
3.5000 7.0802 
3.5000 7.1389 
3.5000 7.1976 
3.5000 7.2562 
3.5000 7.3149 
3.5000 7.3736 
3.5000 7.4322 
3.5000 7.4909 
3.5000 7.5496 
3.5000 7.6082 
3.5000 7.6669 
3.5000 7.7256 
3.5000 7.7842 
3.5000 7.8429 
3.5000 7.9016 
3.5000 7.9602 
3.5000 8.0189 
3.5000 8.0776 
3.5000 8.1362 
3.5000 8.1949 
3.5000 8.2535 
3.5000 8.3122 
3.5000 8.3709 
3.5000 8.4295 
3.5000 8.4882 
3.5000 8.5469 
3.5000 8.6055 
3.5000 8.6642 
3.5000 8.7229 
3.5000 8.7815 
3.5000 8.8402 
3.5000 8.8989 
3.5000 8.9575 
3.5000 9.0162 
3.5000 9.0749 
3.5000 9.1335 
3.5000 9.1922 
3.5000 9.2508 
3.5000 9.3095 
3.5000 9.3682 
3.5000 9.4268 
3.5000 9.4855 
3.5000 9.5442 
3.5000 9.6028 
3.5000 9.6615 
3.5000 9.7202 
3.5000 9.7788 
3.5000 9.8375 
3.5000 9.8962 
3.5000 9.9548 
3.5000 10.0135 
3.5000 10.0722 
3.5000 10.1308 
3.5000 10.1895 
3.5000 10.2481 
3.5000 10.3068 
3.5000 10.3655 
3.5000 10.4241 
3.5000 10.4828 
3.5000 10.5415 
3.5000 10.6001 
3.5000 10.6588 
3.5000 10.7175 
3.5000 10.7761 
3.5000 10.8348 
3.5000 10.8935 
3.5000 10.9521 
3.5000 11.0108 
3.5000 11.0695 
3.5000 11.1281 
3.5000 11.1868 
3.5000 11.2455 
3.5000 11.3041 
3.5000 11.3628 
3.5000 11.4214 
3.5000 11.4801 
3.5000 11.5388 
3.5000 11.5974 
3.5000 11.6561 
3.5000 11.7148 
3.5000 11.7734 
3.5000 11.8321 
3.5000 11.8908 
3.5000 11.9494 
3.5000 12.0081 
3.5000 12.0668 
3.5000 12.1254 
3.5000 12.1841 
3.5000 12.2428 
3.5000 12.3014 
3.5000 12.3601 
3.5000 12.4187 
3.5000 12.4774 
3.5000 12.5361 
3.5000 12.5947 
3.5000 12.6534 
3.5000 12.7121 
3.5000 12.7707 
3.5000 12.8294 
3.5000 12.8881 
3.5000 12.9467 
3.5000 13.0054 
3.5000 13.0641 
3.5000 13.1227 
3.5000 13.1814 
3.5000 13.2401 
3.5000 13.2987 
3.5000 13.3574 
3.5000 13.4160 
3.5000 13.4747 
3.5000 13.5334 
3.5000 13.5920 
3.5000 13.6507 
3.5000 13.7094 
3.5000 13.7680 
3.5000 13.8267 
3.5000 13.8854 
3.5000 13.9440 
3.5000 14.0027 
3.5000 14.0614 
3.5000 14.1200 
3.5000 14.1787 
3.5000 14.2374 
3.5000 14.2960 
3.5000 14.3547 
3.5000 14.4134 
3.5000 14.4720 
3.5000 14.5307 
3.5000 14.5893 
3.5000 14.6480 
3.5000 14.7067 
3.5000 14.7653 
3.5000 14.8240 
3.5000 14.8827 
3.5000 14.9413 
3.5000 15.0000 
3.5000 15.0000 
3.4646 15.0390 
3.4293 15.0780 
3.3939 15.1170 
3.3586 15.1560 
3.3232 15.1950 
3.2879 15.2340 
3.2525 15.2730 
3.2172 15.2758 
3.1818 15.2758 
3.1465 15.2758 
3.1111 15.2758 
3.0758 15.2758 
3.0404 15.2758 
3.0051 15.2758 
2.9697 15.2758 
2.9343 15.2758 
2.8990 15.2758 
2.8636 15.2758 
2.8283 15.2758 
2.7929 15.2758 
2.7576 15.2758 
2.7222 15.2758 
2.6869 15.2758 
2.6515 15.2758 
2.6162 15.2758 
2.5808 15.2758 
2.5455 15.2758 
2.5101 15.2758 
2.4747 15.2758 
2.4394 15.2758 
2.4040 15.2758 
2.3687 15.2758 
2.3333 15.2758 
2.2980 15.2758 
2.2626 15.2758 
2.2273 15.2758 
2.1919 15.2758 
2.1566 15.2758 
2.1212 15.2758 
2.0859 15.2758 
2.0505 15.2758 
2.0152 15.2758 
1.9798 15.2758 
1.9444 15.2758 
1.9091 15.2758 
1.8737 15.2758 
1.8384 15.2758 
1.8030 15.2758 
1.7677 15.2758 
1.7323 15.2758 
1.6970 15.2758 
1.6616 15.2758 
1.6263 15.2758 
1.5909 15.2758 
1.5556 15.2758 
1.5202 15.2758 
1.4848 15.2758 
1.4495 15.2758 
1.4141 15.2758 
1.3788 15.2758 
1.3434 15.2758 
1.3081 15.2758 
1.2727 15.2758 
1.2374 15.2758 
1.2020 15.2758 
1.1667 15.2758 
1.1313 15.2758 
1.0960 15.2758 
1.0606 15.2758 
1.0253 15.2758 
0.9899 15.2758 
0.9545 15.2758 
0.9192 15.2758 
0.8838 15.2758 
0.8485 15.2758 
0.8131 15.2758 
0.7778 15.2758 
0.7424 15.2758 
0.7071 15.2758 
0.6717 15.2758 
0.6364 15.2758 
0.6010 15.2758 
0.5657 15.2758 
0.5303 15.2758 
0.4949 15.2758 
0.4596 15.2758 
0.4242 15.2758 
0.3889 15.2758 
0.3535 15.2758 
0.3182 15.2758 
0.2828 15.2758 
0.2475 15.2758 
0.2121 15.2758 
0.1768 15.2758 
0.1414 15.2758 
0.1061 15.2758 
0.0707 15.2758 
0.0354 15.2758 
0.0000 15.2758 
-0.0000 15.2758 
-0.0354 15.2758 
-0.0707 15.2758 
-0.1061 15.2758 
-0.1414 15.2758 
-0.1768 15.2758 
-0.2121 15.2758 
-0.2475 15.2758 
-0.2828 15.2758 
-0.3182 15.2758 
-0.3535 15.2758 
-0.3889 15.2758 
-0.4242 15.2758 
-0.4596 15.2758 
-0.4949 15.2758 
-0.5303 15.2758 
-0.5657 15.2758 
-0.6010 15.2758 
-0.6364 15.2758 
-0.6717 15.2758 
-0.7071 15.2758 
-0.7424 15.2758 
-0.7778 15.2758 
-0.8131 15.2758 
-0.8485 15.2758 
-0.8838 15.2758 
-0.9192 15.2758 
-0.9545 15.2758 
-0.9899 15.2758 
-1.0253 15.2758 
-1.0606 15.2758 
-1.0960 15.2758 
-1.1313 15.2758 
-1.1667 15.2758 
-1.2020 15.2758 
-1.2374 15.2758 
-1.2727 15.2758 
-1.3081 15.2758 
-1.3434 15.2758 
-1.3788 15.2758 
-1.4141 15.2758 
-1.4495 15.2758 
-1.4848 15.2758 
-1.5202 15.2758 
-1.5556 15.2758 
-1.5909 15.2758 
-1.6263 15.2758 
-1.6616 15.2758 
-1.6970 15.2758 
-1.7323 15.2758 
-1.7677 15.2758 
-1.8030 15.2758 
-1.8384 15.2758 
-1.8737 15.2758 
-1.9091 15.2758 
-1.9444 15.2758 
-1.9798 15.2758 
-2.0152 15.2758 
-2.0505 15.2758 
-2.0859 15.2758 
-2.1212 15.2758 
-2.1566 15.2758 
-2.1919 15.2758 
-2.2273 15.2758 
-2.2626 15.2758 
-2.2980 15.2758 
-2.3333 15.2758 
-2.3687 15.2758 
-2.4040 15.2758 
-2.4394 15.2758 
-2.4747 15.2758 
-2.5101 15.2758 
-2.5455 15.2758 
-2.5808 15.2758 
-2.6162 15.2758 
-2.6515 15.2758 
-2.6869 15.2758 
-2.7222 15.2758 
-2.7576 15.2758 
-2.7929 15.2758 
-2.8283 15.2758 
-2.8636 15.2758 
-2.8990 15.2758 
-2.9343 15.2758 
-2.9697 15.2758 
-3.0051 15.2758 
-3.0404 15.2758 
-3.0758 15.2758 
-3.1111 15.2758 
-3.1465 15.2758 
-3.1818 15.2758 
-3.2172 15.2758 
-3.2525 15.2730 
-3.2879 15.2340 
-3.3232 15.1950 
-3.3586 15.1560 
-3.3939 15.1170 
-3.4293 15.0780 
-3.4646 15.0390 
-3.5000 15.0000 
-3.5000 15.0000 
-3.5000 14.9413 
-3.5000 14.8827 
-3.5000 14.8240 
-3.5000 14.7653 
-3.5000 14.7067 
-3.5000 14.6480 
-3.5000 14.5893 
-3.5000 14.5307 
-3.5000 14.4720 
-3.5000 14.4134 
-3.5000 14.3547 
-3.5000 14.2960 
-3.5000 14.2374 
-3.5000 14.1787 
-3.5000 14.1200 
-3.5000 14.0614 
-3.5000 14.0027 
-3.5000 13.9440 
-3.5000 13.8854 
-3.5000 13.8267 
-3.5000 13.7680 
-3.5000 13.7094 
-3.5000 13.6507 
-3.5000 13.5920 
-3.5000 13.5334 
-3.5000 13.4747 
-3.5000 13.4160 
-3.5000 13.3574 
-3.5000 13.2987 
-3.5000 13.2401 
-3.5000 13.1814 
-3.5000 13.1227 
-3.5000 13.0641 
-3.5000 13.0054 
-3.5000 12.9467 
-3.5000 12.8881 
-3.5000 12.8294 
-3.5000 12.7707 
-3.5000 12.7121 
-3.5000 12.6534 
-3.5000 12.5947 
-3.5000 12.5361 
-3.5000 12.4774 
-3.5000 12.4187 
-3.5000 12.3601 
-3.5000 12.3014 
-3.5000 12.2428 
-3.5000 12.1841 
-3.5000 12.1254 
-3.5000 12.0668 
-3.5000 12.0081 
-3.5000 11.9494 
-3.5000 11.8908 
-3.5000 11.8321 
-3.5000 11.7734 
-3.5000 11.7148 
-3.5000 11.6561 
-3.5000 11.5974 
-3.5000 11.5388 
-3.5000 11.4801 
-3.5000 11.4214 
-3.5000 11.3628 
-3.5000 11.3041 
-3.5000 11.2455 
-3.5000 11.1868 
-3.5000 11.1281 
-3.5000 11.0695 
-3.5000 11.0108 
-3.5000 10.9521 
-3.5000 10.8935 
-3.5000 10.8348 
-3.5000 10.7761 
-3.5000 10.7175 
-3.5000 10.6588 
-3.5000 10.6001 
-3.5000 10.5415 
-3.5000 10.4828 
-3.5000 10.4241 
-3.5000 10.3655 
-3.5000 10.3068 
-3.5000 10.2481 
-3.5000 10.1895 
-3.5000 10.1308 
-3.5000 10.0722 
-3.5000 10.0135 
-3.5000 9.9548 
-3.5000 9.8962 
-3.5000 9.8375 
-3.5000 9.7788 
-3.5000 9.7202 
-3.5000 9.6615 
-3.5000 9.6028 
-3.5000 9.5442 
-3.5000 9.4855 
-3.5000 9.4268 
-3.5000 9.3682 
-3.5000 9.3095 
-3.5000 9.2508 
-3.5000 9.1922 
-3.5000 9.1335 
-3.5000 9.0749 
-3.5000 9.0162 
-3.5000 8.9575 
-3.5000 8.8989 
-3.5000 8.8402 
-3.5000 8.7815 
-3.5000 8.7229 
-3.5000 8.6642 
-3.5000 8.6055 
-3.5000 8.5469 
-3.5000 8.4882 
-3.5000 8.4295 
-3.5000 8.3709 
-3.5000 8.3122 
-3.5000 8.2535 
-3.5000 8.1949 
-3.5000 8.1362 
-3.5000 8.0776 
-3.5000 8.0189 
-3.5000 7.9602 
-3.5000 7.9016 
-3.5000 7.8429 
-3.5000 7.7842 
-3.5000 7.7256 
-3.5000 7.6669 
-3.5000 7.6082 
-3.5000 7.5496 
-3.5000 7.4909 
-3.5000 7.4322 
-3.5000 7.3736 
-3.5000 7.3149 
-3.5000 7.2562 
-3.5000 7.1976 
-3.5000 7.1389 
-3.5000 7.0802 
-3.5000 7.0216 
-3.5000 6.9629 
-3.5000 6.9043 
-3.5000 6.8456 
-3.5000 6.7869 
-3.5000 6.7283 
-3.5000 6.6696 
-3.5000 6.6109 
-3.5000 6.5523 
-3.5000 6.4936 
-3.5000 6.4349 
-3.5000 6.3763 
-3.5000 6.3176 
-3.5000 6.2589 
-3.5000 6.2003 
-3.5000 6.1416 
-3.5000 6.0829 
-3.5000 6.0243 
-3.5000 5.9656 
-3.5000 5.9070 
-3.5000 5.8483 
-3.5000 5.7896 
-3.5000 5.7310 
-3.5000 5.6723 
-3.5000 5.6136 
-3.5000 5.5550 
-3.5000 5.4963 
-3.5000 5.4376 
-3.5000 5.3790 
-3.5000 5.3203 
-3.5000 5.2616 
-3.5000 5.2030 
-3.5000 5.1443 
-3.5000 5.0856 
-3.5000 5.0270 
-3.5000 4.9683 
-3.5000 4.9097 
-3.5000 4.8510 
-3.5000 4.7923 
-3.5000 4.7337 
-3.5000 4.6750 
-3.5000 4.6163 
-3.5000 4.5577 
-3.5000 4.4990 
-3.5000 4.4403 
-3.5000 4.3817 
-3.5000 4.3230 
-3.5000 4.2643 
-3.5000 4.2057 
-3.5000 4.1470 
-3.5000 4.0883 
-3.5000 4.0297 
-3.5000 3.9710 
-3.5000 3.9123 
-3.5000 3.8537 
-3.5000 3.7950 
-3.5000 3.7364 
-3.5000 3.6777 
-3.5000 3.6190 
-3.5000 3.5604 
-3.5000 3.5017 
-3.5000 3.4430 
-3.5000 3.3844 
-3.5000 3.3257 
-3.5000 3.3257 
-3.5001 3.3108 
-3.5003 3.2959 
-3.5007 3.2810 
-3.5012 3.2662 
-3.5018 3.2513 
-3.5027 3.2364 
-3.5036 3.2216 
-3.5047 3.2067 
-3.5060 3.1919 
-3.5074 3.1770 
-3.5089 3.1622 
-3.5106 3.1474 
-3.5125 3.1327 
-3.5145 3.1179 
-3.5166 3.1032 
-3.5189 3.0885 
-3.5213 3.0738 
-3.5239 3.0591 
-3.5266 3.0445 
-3.5295 3.0299 
-3.5325 3.0153 
-3.5356 3.0007 
-3.5389 2.9862 
-3.5424 2.9717 
-3.5460 2.9573 
-3.5497 2.9428 
-3.5536 2.9285 
-3.5576 2.9141 
-3.5617 2.8998 
-3.5660 2.8856 
-3.5705 2.8714 
-3.5750 2.8572 
-3.5798 2.8431 
-3.5846 2.8290 
-3.5896 2.8150 
-3.5948 2.8010 
-3.6000 2.7871 
-3.6055 2.7732 
-3.6110 2.7594 
-3.6167 2.7456 
-3.6225 2.7319 
-3.6285 2.7183 
-3.6346 2.7047 
-3.6408 2.6912 
-3.6472 2.6777 
-3.6537 2.6643 
-3.6603 2.6510 
-3.6671 2.6377 
-3.6740 2.6245 
-3.6810 2.6114 
-3.6881 2.5983 
-3.6954 2.5854 
-3.7028 2.5724 
-3.7104 2.5596 
-3.7181 2.5468 
-3.7258 2.5342 
-3.7338 2.5215 
-3.7418 2.5090 
-3.7500 2.4966 
-3.7583 2.4842 
-3.7667 2.4719 
-3.7752 2.4597 
-3.7839 2.4476 
-3.7927 2.4356 
-3.8016 2.4236 
-3.8106 2.4118 
-3.8197 2.4000 
-3.8289 2.3883 
-3.8383 2.3768 
-3.8478 2.3653 
-3.8574 2.3539 
-3.8671 2.3426 
-3.8769 2.3314 
-3.8868 2.3203 
-3.8968 2.3093 
-3.9070 2.2984 
-3.9172 2.2876 
-3.9276 2.2769 
-3.9381 2.2663 
-3.9486 2.2558 
-3.9593 2.2454 
-3.9701 2.2352 
-3.9810 2.2250 
-3.9919 2.2149 
-4.0030 2.2050 
-4.0142 2.1951 
-4.0255 2.1854 
-4.0368 2.1758 
-4.0483 2.1663 
-4.0598 2.1569 
-4.0715 2.1476 
-4.0832 2.1385 
-4.0951 2.1294 
-4.1070 2.1205 
-4.1190 2.1117 
-4.1311 2.1030 
-4.1433 2.0944 
-4.1555 2.0860 
-4.1679 2.0777 
-4.1803 2.0695 
-4.1928 2.0614 
-4.2054 2.0535 
-4.2181 2.0456 
-4.2308 2.0379 
-4.2436 2.0304 
-4.2565 2.0229 
-4.2695 2.0156 
-4.2825 2.0084 
-4.2956 2.0014 
-4.3088 1.9944 
-4.3221 1.9876 
-4.3354 1.9810 
-4.3488 1.9744 
-4.3622 1.9680 
-4.3757 1.9618 
-4.3893 1.9557 
-4.4029 1.9497 
-4.4166 1.9438 
-4.4304 1.9381 
-4.4442 1.9325 
-4.4580 1.9270 
-4.4719 1.9217 
-4.4859 1.9166 
-4.4999 1.9115 
-4.5140 1.9066 
-4.5281 1.9019 
-4.5422 1.8973 
-4.5564 1.8928 
-4.5707 1.8885 
-4.5850 1.8843 
-4.5993 1.8802 
-4.6137 1.8763 
-4.6281 1.8725 
-4.6425 1.8689 
-4.6570 1.8654 
-4.6715 1.8621 
-4.6860 1.8589 
-4.7006 1.8559 
-4.7152 1.8530 
-4.7299 1.8502 
-4.7445 1.8476 
-4.7592 1.8452 
-4.7739 1.8428 
-4.7886 1.8407 
-4.8034 1.8386 
-4.8182 1.8368 
-4.8330 1.8350 
-4.8478 1.8334 
-4.8626 1.8320 
-4.8774 1.8307 
-4.8923 1.8296 
-4.9071 1.8286 
-4.9220 1.8277 
-4.9369 1.8270 
-4.9517 1.8265 
-4.9666 1.8261 
-4.9815 1.8258 
-4.9964 1.8257 
-5.0113 1.8257 
-5.0262 1.8259 
-5.0411 1.8263 
-5.0559 1.8267 
-5.0708 1.8274 
-5.0857 1.8281 
-5.1005 1.8291 
-5.1154 1.8301 
-5.1302 1.8314 
-5.1451 1.8327 
-5.1599 1.8342 
-5.1747 1.8359 
-5.1895 1.8377 
-5.2042 1.8397 
-5.2190 1.8418 
-5.2337 1.8440 
-5.2484 1.8464 
-5.2630 1.8489 
-5.2777 1.8516 
-5.2923 1.8545 
-5.3069 1.8574 
-5.3215 1.8605 
-5.3360 1.8638 
-5.3505 1.8672 
-5.3649 1.8708 
-5.3794 1.8745 
-5.3937 1.8783 
-5.4081 1.8823 
-5.4224 1.8864 
-5.4367 1.8907 
-5.4509 1.8951 
-5.4651 1.8996 
-5.4792 1.9043 
-5.4933 1.9091 
-5.5073 1.9141 
-5.5213 1.9192 
-5.5353 1.9244 
-5.5491 1.9298 
-5.5630 1.9354 
-5.5767 1.9410 
-5.5905 1.9468 
-5.5906 1.9468 
-5.6670 1.9798 
-5.7432 2.0132 
-5.8192 2.0471 
-5.8950 2.0814 
-5.9706 2.1162 
-6.0460 2.1514 
-6.1212 2.1871 
-6.1962 2.2232 
-6.2709 2.2597 
-6.3455 2.2967 
-6.4198 2.3341 
-6.4939 2.3719 
-6.5678 2.4102 
-6.6415 2.4489 
-6.7149 2.4880 
-6.7881 2.5276 
-6.8611 2.5676 
-6.9338 2.6080 
-7.0063 2.6488 
-7.0786 2.6901 
-7.1506 2.7318 
-7.2224 2.7739 
-7.2939 2.8164 
-7.3652 2.8594 
-7.4362 2.9028 
-7.5069 2.9465 
-7.5774 2.9907 
-7.6477 3.0353 
-7.7177 3.0804 
-7.7874 3.1258 
-7.8568 3.1716 
-7.9260 3.2179 
-7.9949 3.2645 
-8.0635 3.3116 
-8.1319 3.3590 
-8.2000 3.4069 
-8.2678 3.4551 
-8.3353 3.5038 
-8.4025 3.5528 
-8.4694 3.6023 
-8.5361 3.6521 
-8.6024 3.7023 
-8.6685 3.7529 
-8.7342 3.8039 
-8.7997 3.8553 
-8.8649 3.9070 
-8.9297 3.9592 
-8.9943 4.0117 
-9.0585 4.0646 
-9.1224 4.1178 
-9.1860 4.1715 
-9.2493 4.2255 
-9.3123 4.2799 
-9.3750 4.3346 
-9.4373 4.3898 
-9.4993 4.4452 
-9.5610 4.5011 
-9.6224 4.5573 
-9.6834 4.6139 
-9.7441 4.6708 
-9.8045 4.7281 
-9.8645 4.7857 
-9.9242 4.8437 
-9.9835 4.9020 
-10.0425 4.9607 
-10.1012 5.0197 
-10.1595 5.0791 
-10.2174 5.1388 
-10.2751 5.1988 
-10.3323 5.2592 
-10.3892 5.3199 
-10.4458 5.3810 
-10.5020 5.4423 
-10.5578 5.5040 
-10.6132 5.5661 
-10.6683 5.6284 
-10.7231 5.6911 
-10.7774 5.7541 
-10.8314 5.8174 
-10.8851 5.8810 
-10.9383 5.9450 
-10.9912 6.0092 
-11.0437 6.0738 
-11.0958 6.1387 
-11.1475 6.2038 
-11.1989 6.2693 
-11.2499 6.3351 
-11.3004 6.4012 
-11.3506 6.4675 
-11.4004 6.5342 
-11.4499 6.6011 
-11.4989 6.6684 
-11.5475 6.7359 
-11.5957 6.8037 
-11.6436 6.8718 
-11.6910 6.9402 
-11.7380 7.0088 
-11.7846 7.0777 
-11.8309 7.1469 
-11.8767 7.2164 
-11.9221 7.2861 
-11.9671 7.3561 
-12.0117 7.4264 
-12.0559 7.4969 
-12.0996 7.5677 
-12.1430 7.6387 
-12.1859 7.7100 
-12.2284 7.7815 
-12.2705 7.8533 
-12.3122 7.9253 
-12.3534 7.9976 
-12.3942 8.0701 
-12.4346 8.1429 
-12.4746 8.2159 
-12.5141 8.2891 
-12.5532 8.3625 
-12.5919 8.4362 
-12.6302 8.5101 
-12.6680 8.5842 
-12.7054 8.6586 
-12.7423 8.7331 
-12.7788 8.8079 
-12.8149 8.8829 
-12.8505 8.9581 
-12.8857 9.0335 
-12.9204 9.1091 
-12.9547 9.1849 
-12.9886 9.2609 
-13.0220 9.3371 
-13.0549 9.4136 
-13.0875 9.4902 
-13.1195 9.5669 
-13.1511 9.6439 
-13.1823 9.7211 
-13.2130 9.7984 
-13.2433 9.8759 
-13.2731 9.9536 
-13.3024 10.0315 
-13.3313 10.1095 
-13.3597 10.1877 
-13.3877 10.2661 
-13.4152 10.3446 
-13.4422 10.4233 
-13.4688 10.5022 
-13.4950 10.5812 
-13.5206 10.6603 
-13.5458 10.7396 
-13.5706 10.8191 
-13.5948 10.8987 
-13.6186 10.9784 
-13.6420 11.0583 
-13.6648 11.1383 
-13.6872 11.2184 
-13.7091 11.2987 
-13.7306 11.3791 
-13.7516 11.4596 
-13.7721 11.5403 
-13.7921 11.6210 
-13.8117 11.7019 
-13.8308 11.7829 
-13.8494 11.8640 
-13.8675 11.9452 
-13.8852 12.0265 
-13.9024 12.1080 
-13.9191 12.1895 
-13.9353 12.2711 
-13.9511 12.3528 
-13.9663 12.4346 
-13.9811 12.5165 
-13.9954 12.5985 
-14.0093 12.6805 
-14.0226 12.7626 
-14.0355 12.8449 
-14.0479 12.9271 
-14.0598 13.0095 
-14.0712 13.0919 
-14.0822 13.1744 
-14.0926 13.2570 
-14.1026 13.3396 
-14.1121 13.4222 
-14.1211 13.5050 
-14.1296 13.5877 
-14.1376 13.6706 
-14.1452 13.7534 
-14.1522 13.8363 
-14.1588 13.9193 
-14.1649 14.0023 
-14.1705 14.0853 
-14.1756 14.1684 
-14.1803 14.2514 
-14.1844 14.3345 
-14.1881 14.4177 
-14.1912 14.5008 
-14.1939 14.5840 
-14.1961 14.6672 
-14.1978 14.7504 
-14.1990 14.8336 
-14.1998 14.9168 
-14.2000 15.0000 
-14.2000 15.0000 
-14.2421 15.0000 
-14.2842 15.0000 
-14.3263 15.0000 
-14.3684 15.0000 
-14.4105 15.0000 
-14.4526 15.0000 
-14.4947 15.0000 
-14.5368 15.0000 
-14.5789 15.0000 
-14.6211 15.0000 
-14.6632 15.0000 
-14.7053 15.0000 
-14.7474 15.0000 
-14.7895 15.0000 
-14.8316 15.0000 
-14.8737 15.0000 
-14.9158 15.0000 
-14.9579 15.0000 
-15.0000 15.0000 
-15.0000 15.0000 
-14.9997 14.9048 
-14.9988 14.8096 
-14.9973 14.7144 
-14.9952 14.6193 
-14.9924 14.5241 
-14.9891 14.4290 
-14.9852 14.3339 
-14.9807 14.2388 
-14.9755 14.1437 
-14.9698 14.0487 
-14.9635 13.9537 
-14.9565 13.8588 
-14.9490 13.7639 
-14.9408 13.6690 
-14.9321 13.5742 
-14.9227 13.4795 
-14.9128 13.3848 
-14.9022 13.2902 
-14.8911 13.1957 
-14.8793 13.1012 
-14.8670 13.0068 
-14.8540 12.9125 
-14.8405 12.8183 
-14.8263 12.7241 
-14.8116 12.6301 
-14.7963 12.5361 
-14.7803 12.4423 
-14.7638 12.3485 
-14.7467 12.2549 
-14.7290 12.1614 
-14.7106 12.0680 
-14.6917 11.9747 
-14.6722 11.8815 
-14.6522 11.7884 
-14.6315 11.6955 
-14.6102 11.6027 
-14.5884 11.5101 
-14.5659 11.4175 
-14.5429 11.3252 
-14.5193 11.2330 
-14.4951 11.1409 
-14.4703 11.0490 
-14.4449 10.9572 
-14.4190 10.8656 
-14.3925 10.7742 
-14.3653 10.6830 
-14.3377 10.5919 
-14.3094 10.5010 
-14.2806 10.4103 
-14.2511 10.3197 
-14.2211 10.2294 
-14.1906 10.1392 
-14.1595 10.0493 
-14.1277 9.9595 
-14.0955 9.8699 
-14.0626 9.7806 
-14.0292 9.6914 
-13.9953 9.6025 
-13.9607 9.5138 
-13.9256 9.4253 
-13.8900 9.3371 
-13.8537 9.2490 
-13.8170 9.1612 
-13.7796 9.0736 
-13.7417 8.9863 
-13.7033 8.8992 
-13.6643 8.8124 
-13.6248 8.7258 
-13.5847 8.6395 
-13.5440 8.5534 
-13.5029 8.4675 
-13.4611 8.3820 
-13.4189 8.2967 
-13.3760 8.2117 
-13.3327 8.1269 
-13.2888 8.0424 
-13.2444 7.9582 
-13.1994 7.8743 
-13.1539 7.7907 
-13.1079 7.7074 
-13.0614 7.6243 
-13.0143 7.5416 
-12.9667 7.4591 
-12.9186 7.3770 
-12.8700 7.2952 
-12.8208 7.2137 
-12.7711 7.1324 
-12.7209 7.0516 
-12.6702 6.9710 
-12.6190 6.8907 
-12.5673 6.8108 
-12.5151 6.7312 
-12.4624 6.6520 
-12.4091 6.5730 
-12.3554 6.4945 
-12.3012 6.4162 
-12.2464 6.3383 
-12.1912 6.2608 
-12.1355 6.1836 
-12.0793 6.1068 
-12.0226 6.0303 
-11.9655 5.9542 
-11.9078 5.8784 
-11.8497 5.8030 
-11.7911 5.7280 
-11.7320 5.6534 
-11.6725 5.5791 
-11.6124 5.5052 
-11.5520 5.4317 
-11.4910 5.3586 
-11.4296 5.2858 
-11.3677 5.2135 
-11.3054 5.1416 
-11.2426 5.0700 
-11.1793 4.9989 
-11.1156 4.9281 
-11.0515 4.8578 
-10.9869 4.7878 
-10.9219 4.7183 
-10.8564 4.6492 
-10.7905 4.5805 
-10.7241 4.5123 
-10.6574 4.4444 
-10.5902 4.3770 
-10.5225 4.3100 
-10.4545 4.2434 
-10.3860 4.1773 
-10.3171 4.1116 
-10.2478 4.0463 
-10.1781 3.9815 
-10.1080 3.9172 
-10.0374 3.8532 
-9.9665 3.7898 
-9.8951 3.7267 
-9.8234 3.6642 
-9.7512 3.6021 
-9.6787 3.5404 
-9.6058 3.4792 
-9.5325 3.4185 
-9.4588 3.3582 
-9.3847 3.2984 
-9.3103 3.2391 
-9.2354 3.1802 
-9.1602 3.1219 
-9.0847 3.0640 
-9.0087 3.0066 
-8.9325 2.9496 
-8.8558 2.8932 
-8.7788 2.8372 
-8.7014 2.7818 
-8.6237 2.7268 
-8.5456 2.6723 
-8.4672 2.6183 
-8.3885 2.5648 
-8.3094 2.5118 
-8.2300 2.4594 
-8.1502 2.4074 
-8.0701 2.3559 
-7.9897 2.3050 
-7.9090 2.2545 
-7.8280 2.2046 
-7.7466 2.1552 
-7.6649 2.1062 
-7.5829 2.0579 
-7.5007 2.0100 
-7.4181 1.9627 
-7.3352 1.9158 
-7.2520 1.8696 
-7.1685 1.8238 
-7.0848 1.7786 
-7.0007 1.7339 
-6.9164 1.6897 
-6.8318 1.6461 
-6.7469 1.6030 
-6.6617 1.5605 
-6.5763 1.5184 
-6.4906 1.4770 
-6.4047 1.4361 
-6.3184 1.3957 
-6.2320 1.3559 
-6.1453 1.3166 
-6.0583 1.2779 
-5.9711 1.2397 
-5.8837 1.2021 
-5.7960 1.1650 
-5.7080 1.1285 
-5.6199 1.0926 
-5.5315 1.0572 
-5.4429 1.0224 
-5.3541 0.9881 
-5.2651 0.9544 
-5.1758 0.9213 
-5.0864 0.8887 
-4.9967 0.8567 
-4.9069 0.8253 
-4.8168 0.7944 
-4.7266 0.7641 
-4.6361 0.7344 
-4.5455 0.7053 
-4.5455 0.7053 
-4.5365 0.7024 
-4.5274 0.6994 
-4.5184 0.6964 
-4.5094 0.6933 
-4.5004 0.6902 
-4.4915 0.6870 
-4.4825 0.6837 
-4.4736 0.6804 
-4.4647 0.6770 
-4.4558 0.6736 
-4.4469 0.6701 
-4.4381 0.6666 
-4.4293 0.6630 
-4.4205 0.6593 
-4.4117 0.6556 
-4.4030 0.6519 
-4.3943 0.6480 
-4.3856 0.6442 
-4.3769 0.6403 
-4.3682 0.6363 
-4.3596 0.6322 
-4.3510 0.6281 
-4.3424 0.6240 
-4.3339 0.6198 
-4.3254 0.6155 
-4.3169 0.6112 
-4.3084 0.6069 
-4.3000 0.6025 
-4.2916 0.5980 
-4.2832 0.5935 
-4.2749 0.5889 
-4.2666 0.5843 
-4.2583 0.5796 
-4.2500 0.5748 
-4.2418 0.5701 
-4.2336 0.5652 
-4.2254 0.5603 
-4.2173 0.5554 
-4.2092 0.5504 
-4.2011 0.5453 
-4.1931 0.5403 
-4.1850 0.5351 
-4.1771 0.5299 
-4.1691 0.5247 
-4.1612 0.5194 
-4.1533 0.5140 
-4.1455 0.5086 
-4.1377 0.5032 
-4.1299 0.4977 
-4.1222 0.4921 
-4.1145 0.4865 
-4.1068 0.4809 
-4.0992 0.4752 
-4.0916 0.4694 
-4.0840 0.4637 
-4.0765 0.4578 
-4.0690 0.4519 
-4.0616 0.4460 
-4.0542 0.4400 
-4.0468 0.4340 
-4.0395 0.4279 
-4.0322 0.4218 
-4.0249 0.4156 
-4.0177 0.4094 
-4.0105 0.4032 
-4.0034 0.3969 
-3.9963 0.3905 
-3.9893 0.3841 
-3.9822 0.3777 
-3.9753 0.3712 
-3.9683 0.3647 
-3.9614 0.3581 
-3.9546 0.3515 
-3.9478 0.3448 
-3.9410 0.3381 
-3.9343 0.3314 
-3.9276 0.3246 
-3.9210 0.3178 
-3.9144 0.3109 
-3.9079 0.3040 
-3.9014 0.2971 
-3.8949 0.2901 
-3.8885 0.2830 
-3.8821 0.2760 
-3.8758 0.2688 
-3.8695 0.2617 
-3.8633 0.2545 
-3.8571 0.2473 
-3.8509 0.2400 
-3.8448 0.2327 
-3.8388 0.2253 
-3.8328 0.2179 
-3.8268 0.2105 
-3.8209 0.2030 
-3.8151 0.1955 
-3.8092 0.1880 
-3.8035 0.1804 
-3.7978 0.1728 
-3.7921 0.1652 
-3.7865 0.1575 
-3.7809 0.1498 
-3.7754 0.1420 
-3.7699 0.1342 
-3.7645 0.1264 
-3.7591 0.1185 
-3.7538 0.1106 
-3.7485 0.1027 
-3.7433 0.0948 
-3.7381 0.0868 
-3.7330 0.0787 
-3.7279 0.0707 
-3.7229 0.0626 
-3.7179 0.0545 
-3.7130 0.0463 
-3.7082 0.0381 
-3.7033 0.0299 
-3.6986 0.0217 
-3.6939 0.0134 
-3.6892 0.0051 
-3.6846 -0.0032 
-3.6801 -0.0116 
-3.6756 -0.0200 
-3.6711 -0.0284 
-3.6667 -0.0369 
-3.6624 -0.0453 
-3.6581 -0.0538 
-3.6539 -0.0624 
-3.6497 -0.0709 
-3.6456 -0.0795 
-3.6415 -0.0881 
-3.6375 -0.0967 
-3.6336 -0.1054 
-3.6297 -0.1141 
-3.6258 -0.1228 
-3.6220 -0.1315 
-3.6183 -0.1403 
-3.6146 -0.1491 
-3.6110 -0.1579 
-3.6074 -0.1667 
-3.6039 -0.1756 
-3.6005 -0.1844 
-3.5971 -0.1933 
-3.5937 -0.2022 
-3.5905 -0.2112 
-3.5872 -0.2201 
-3.5841 -0.2291 
-3.5809 -0.2381 
-3.5779 -0.2471 
-3.5749 -0.2561 
-3.5720 -0.2652 
-3.5691 -0.2743 
-3.5662 -0.2834 
-3.5635 -0.2925 
-3.5608 -0.3016 
-3.5581 -0.3107 
-3.5555 -0.3199 
-3.5530 -0.3291 
-3.5505 -0.3383 
-3.5481 -0.3475 
-3.5457 -0.3567 
-3.5434 -0.3659 
-3.5412 -0.3752 
-3.5390 -0.3845 
-3.5369 -0.3937 
-3.5348 -0.4030 
-3.5328 -0.4123 
-3.5308 -0.4216 
-3.5289 -0.4310 
-3.5271 -0.4403 
-3.5253 -0.4497 
-3.5236 -0.4590 
-3.5220 -0.4684 
-3.5204 -0.4778 
-3.5188 -0.4872 
-3.5174 -0.4966 
-3.5160 -0.5060 
-3.5146 -0.5154 
-3.5133 -0.5249 
-3.5121 -0.5343 
-3.5109 -0.5438 
-3.5098 -0.5532 
-3.5087 -0.5627 
-3.5077 -0.5721 
-3.5068 -0.5816 
-3.5059 -0.5911 
-3.5051 -0.6006 
-3.5043 -0.6101 
-3.5037 -0.6196 
-3.5030 -0.6291 
-3.5024 -0.6386 
-3.5019 -0.6481 
-3.5015 -0.6576 
-3.5011 -0.6671 
-3.5008 -0.6766 
-3.5005 -0.6861 
-3.5003 -0.6956 
-3.5001 -0.7052 
-3.5000 -0.7147 
-3.5000 -0.7242 
-3.5000 -0.7242 
-3.4286 -0.7242 
-3.3571 -0.7242 
-3.2857 -0.7242 
-3.2143 -0.7242 
-3.1429 -0.7242 
-3.0714 -0.7242 
-3.0000 -0.7242 
-2.9286 -0.7242 
-2.8571 -0.7242 
-2.7857 -0.7242 
-2.7143 -0.7242 
-2.6429 -0.7242 
-2.5714 -0.7242 
-2.5000 -0.7242 
-2.4286 -0.7242 
-2.3571 -0.7242 
-2.2857 -0.7242 
-2.2143 -0.7242 
-2.1429 -0.7242 
-2.0714 -0.7242 
-2.0000 -0.7242 
-1.9286 -0.7242 
-1.8571 -0.7242 
-1.7857 -0.7242 
-1.7143 -0.7242 
-1.6429 -0.7242 
-1.5714 -0.7242 
-1.5000 -0.7242 
-1.4286 -0.7242 
-1.3571 -0.7242 
-1.2857 -0.7242 
-1.2143 -0.7242 
-1.1429 -0.7242 
-1.0714 -0.7242 
-1.0000 -0.7242 
-0.9286 -0.7242 
-0.8571 -0.7242 
-0.7857 -0.7242 
-0.7143 -0.7242 
-0.6429 -0.7242 
-0.5714 -0.7242 
-0.5000 -0.7242 
-0.4286 -0.7242 
-0.3571 -0.7242 
-0.2857 -0.7242 
-0.2143 -0.7242 
-0.1429 -0.7242 
-0.0714 -0.7242 
-0.0000 -0.7242 
